# N mu
0.71	0.0101203990124261
0.72	0.0102775695427371
0.73	0.0104368642380505
0.74	0.0105986592530548
0.75	0.010763334508783
0.76	0.0109311951119104
0.77	0.0111024064171702
0.78	0.011276968571821
0.79	0.0114547381997864
0.8	0.0116354816418335
0.810000000000001	0.0118189350176455
0.820000000000001	0.0120048541376834
0.830000000000001	0.0121930518374838
0.840000000000001	0.0123834296244375
0.850000000000001	0.0125760122546202
0.860000000000001	0.0127709904869872
0.870000000000001	0.0129687491880289
0.880000000000001	0.0131698151567932
0.890000000000001	0.0133746957447286
0.900000000000001	0.013583700304184
0.910000000000001	0.0137968702206552
0.920000000000001	0.014014033693252
0.930000000000001	0.0142349114233054
0.940000000000001	0.0144592122808098
0.950000000000001	0.0146866934309029
0.960000000000001	0.0149171787842187
0.970000000000001	0.0151505550441794
0.980000000000001	0.0153867729041706
0.990000000000001	0.0156258596962677
1	0.0158679822194085
1.01	0.0161136219751655
1.02	0.0163635998692146
1.03	0.0166186500128749
1.04	0.0168789982384571
1.05	0.0171444198611922
1.06	0.0174145067521102
1.07	0.0176888476341668
1.08	0.0179671273665649
1.09	0.0182491869570511
1.1	0.0185350010327804
1.11	0.0188245597981927
1.12	0.0191178132941316
1.13	0.0194147500310982
1.14	0.0197154791656238
1.15	0.0200202323629581
1.16	0.0203293249866256
1.17	0.020643102697435
1.18	0.0209618552511556
1.19	0.0212857451735963
1.2	0.0216148106117315
1.21	0.0219490166412756
1.22	0.0222883205565769
1.23	0.0226327538960739
1.24	0.0229825184138938
1.25	0.0233380901445702
1.26	0.0237001790338119
1.27	0.0240693661763837
1.28	0.0244457650778174
1.29	0.0248290928728739
1.3	0.025218931187682
1.31	0.0256149034873716
1.32	0.0260167565332186
1.33	0.0264243924235056
1.34	0.0268378344287578
1.35	0.0272571056493592
1.36	0.0276821541839412
1.37	0.0281129066347936
1.38	0.028549341116031
1.39	0.0289915341633283
1.4	0.0294396557001934
1.41	0.0298938428203067
1.42	0.0303541025685884
1.43	0.0308203815090511
1.44	0.031292666801731
1.45	0.0317710473090583
1.46	0.0322557134260071
1.47	0.0327468191886726
1.48	0.0332443730855077
1.49	0.0337483144695253
1.5	0.0342586259010651
1.51	0.0347754008622393
1.52	0.0352988443707967
1.53	0.0358291220327779
1.54	0.0363662397426795
1.55	0.0369101271607789
1.56	0.0374607608550231
1.57	0.0380182385251777
1.58	0.0385827801282516
1.59	0.0391545628838562
1.6	0.0397335892362094
1.61	0.0403197779448888
1.62	0.0409130987337947
1.63	0.0415136534742908
1.64	0.0421216778589096
1.65	0.0427373612795223
1.66	0.043360702134128
1.67	0.0439916071091059
1.68	0.0446300382114727
1.69	0.0452761014462504
1.7	0.0459300491195615
1.71	0.0465920834401958
1.72	0.0472621981585374
1.73	0.0479402866476697
1.74	0.0486263022623948
1.75	0.0493203550850351
1.76	0.0500227149534162
1.77	0.050733597571853
1.78	0.0514529914024148
1.79	0.0521807751835856
1.8	0.0529168926143295
1.81	0.0536614577758041
1.82	0.054414758990438
1.83	0.0551770261637766
1.84	0.0559482417841721
1.85	0.056728268549763
1.86	0.0575170394296519
1.87	0.058314672401959
1.88	0.0591214752609051
1.89	0.0599376928456654
1.9	0.0607633009396734
1.91	0.0615981447090627
1.92	0.0624421452472991
1.93	0.0632954243033194
1.94	0.0641583101647931
1.95	0.0650310633642179
1.96	0.0659136522029253
1.97	0.0668059027366382
1.98	0.0677077229647223
1.99	0.0686192382558489
2	0.0695407984475047
2.01	0.0704726805532821
2.02	0.0714148445694841
2.03	0.072367095775939
2.04	0.0733413907191772
2.05	0.0743767320754097
2.06	0.075513440428264
2.07	0.075513440428264
2.08	0.0763895573087123
2.09	0.0773336741935472
2.1	0.0783198363751749
2.11	0.0793321053254756
2.12	0.080362222539173
2.13	0.0814065125952531
2.14	0.0824634273427243
2.15	0.0835320933738233
2.16	0.0846119243273484
2.17	0.0857026386018618
2.18	0.086804313749646
2.19	0.0879173480890466
2.2	0.0890420641420632
2.21	0.0901783881400857
2.22	0.0913260508499108
2.23	0.0924848937425502
2.24	0.0936550544534516
2.25	0.0948369802128033
2.26	0.0960310224016083
2.27	0.097237098671689
2.28	0.0984549128177004
2.29	0.0996842865335845
2.29999999999999	0.100925360124551
2.30999999999999	0.102178608249626
2.31999999999999	0.10344440318775
2.32999999999999	0.104722649529818
2.33999999999999	0.106013020691252
2.34999999999999	0.107315316437796
2.35999999999999	0.108629679251985
2.36999999999999	0.109956612418215
2.37999999999999	0.111296510061931
2.38999999999999	0.112649262632919
2.39999999999999	0.114016541435304
2.40999999999999	0.115405753933526
2.41999999999999	0.116826283742522
2.42999999999999	0.118279125211732
2.43999999999999	0.119755260257508
2.44999999999999	0.121243316983083
2.45999999999999	0.122734766251627
2.46999999999999	0.124224334208026
2.47999999999999	0.125708966409123
2.48999999999999	0.127186847062131
2.49999999999999	0.12865677898403
2.50999999999999	0.130118305304235
2.51999999999999	0.131576625493113
2.52999999999999	0.133047181183459
2.53999999999999	0.134545826086905
2.54999999999999	0.136076748445196
2.55999999999999	0.137635453030473
2.56999999999999	0.139216215730289
2.57999999999999	0.140814790616271
2.58999999999999	0.142428713599629
2.59999999999999	0.14405700434221
2.60999999999999	0.145699735225778
2.61999999999999	0.147357131468904
2.62999999999999	0.149028893388149
2.63999999999999	0.150714454599793
2.64999999999999	0.152413454580785
2.65999999999999	0.154126030953876
2.66999999999999	0.155852845748503
2.67999999999999	0.157594416141671
2.68999999999999	0.159350543921892
2.69999999999999	0.161120672028192
2.70999999999999	0.162904430382875
2.71999999999999	0.164701966851666
2.72999999999999	0.166513984973021
2.73999999999999	0.168341032393245
2.74999999999999	0.170182890678843
2.75999999999999	0.172038956286194
2.76999999999998	0.173908824187275
2.77999999999998	0.175792641791644
2.78999999999998	0.177691151113692
2.79999999999998	0.179604929492025
2.80999999999998	0.181533736186749
2.81999999999998	0.183476918248758
2.82999999999998	0.185434033480956
2.83999999999998	0.187405228321261
2.84999999999998	0.189391284758051
2.85999999999998	0.191392811079171
2.86999999999998	0.193409543029233
2.87999999999998	0.195440775681975
2.88999999999998	0.197486027590563
2.89999999999998	0.199545443769455
2.90999999999998	0.201619847737812
2.91999999999998	0.203709880042293
2.92999999999998	0.205815251718618
2.93999999999998	0.20793520328127
2.94999999999998	0.210069211939295
2.95999999999998	0.21221742082919
2.96999999999998	0.214380696583945
2.97999999999998	0.216559915170823
2.98999999999998	0.21875707369066
2.99999999999998	0.220978125143467
3.00999999999998	0.223230622122123
3.01999999999998	0.225516928901449
3.02999999999998	0.227832009991894
3.03999999999998	0.230167657803862
3.04999999999998	0.232516793524232
3.05999999999998	0.234874368953241
3.06999999999998	0.23723701487423
3.07999999999998	0.239602522429218
3.08999999999998	0.241969356072029
3.09999999999998	0.244336391344743
3.10999999999998	0.246702742985071
3.11999999999998	0.249067749822602
3.12999999999998	0.251431464867382
3.13999999999998	0.253794743571389
3.14999999999998	0.256160092681431
3.15999999999998	0.258534330560985
3.16999999999998	0.26092757329753
3.17999999999998	0.26334793000431
3.18999999999998	0.265798094069992
3.19999999999998	0.268276453048218
3.20999999999998	0.27077991160704
3.21999999999998	0.273305204135515
3.22999999999998	0.275849201058911
3.23999999999997	0.278409371492192
3.24999999999997	0.280984131217697
3.25999999999997	0.283573117796735
3.26999999999997	0.286177136184279
3.27999999999997	0.288796866089741
3.28999999999997	0.291431746267411
3.29999999999997	0.294080586609113
3.30999999999997	0.296742547219016
3.31999999999997	0.299417737104429
3.32999999999997	0.302107308357761
3.33999999999997	0.304812162861437
3.34999999999997	0.307531805419308
3.35999999999997	0.310265022583924
3.36999999999997	0.313010943725007
3.37999999999997	0.315769686345359
3.38999999999997	0.318542464708234
3.39999999999997	0.321330228985903
3.40999999999997	0.324132453213156
3.41999999999997	0.326947850757362
3.42999999999997	0.32977549406368
3.43999999999997	0.332615495745182
3.44999999999997	0.335469126611925
3.45999999999997	0.338337382597047
3.46999999999997	0.341219704043595
3.47999999999997	0.344114727941631
3.48999999999997	0.347021467518905
3.49999999999997	0.34994002991852
3.50999999999997	0.352871744028853
3.51999999999997	0.35581765309823
3.52999999999997	0.358777163072132
3.53999999999997	0.361748832517591
3.54999999999997	0.364731613757959
3.55999999999997	0.367725608191193
3.56999999999997	0.370732204451427
3.57999999999997	0.373752494756459
3.58999999999997	0.376785850089104
3.59999999999997	0.379830748700728
3.60999999999997	0.382886080438687
3.61999999999997	0.385951940726708
3.62999999999997	0.389029779597751
3.63999999999997	0.39212073990808
3.64999999999997	0.395224157219238
3.65999999999997	0.398338427721579
3.66999999999997	0.40146237733208
3.67999999999997	0.404596095315654
3.68999999999997	0.407741094733466
3.69999999999997	0.410898570757061
3.70999999999996	0.414067823180954
3.71999999999996	0.417247164550112
3.72999999999996	0.420435355525367
3.73999999999996	0.423632479075975
3.74999999999996	0.426840112889993
3.75999999999996	0.430059506132969
3.76999999999996	0.433289922606162
3.77999999999996	0.436529589799446
3.78999999999996	0.439777201931638
3.79999999999996	0.443032835590275
3.80999999999996	0.446298134650897
3.81999999999996	0.449574403947201
3.82999999999996	0.452860871186617
3.83999999999996	0.456155677582139
3.84999999999996	0.459457449875462
3.85999999999996	0.462766258239794
3.86999999999996	0.466083814252816
3.87999999999996	0.469411480078872
3.88999999999996	0.472748447362154
3.89999999999996	0.47609277001754
3.90999999999996	0.479443006435632
3.91999999999996	0.48279922039843
3.92999999999996	0.48616319264621
3.93999999999996	0.489536344317153
3.94999999999996	0.492917831158758
3.95999999999996	0.496305631436303
3.96999999999996	0.499698369638597
3.97999999999996	0.503096338466566
3.98999999999996	0.506501922949111
3.99999999999996	0.50991888765065
4.00999999999996	0.513351483348626
4.01999999999996	0.516803768695057
4.02999999999996	0.520278137995278
4.03999999999996	0.523773910521935
4.04999999999996	0.527286780139075
4.05999999999996	0.530809261403771
4.06999999999996	0.534334020433958
4.07999999999996	0.537857568241992
4.08999999999996	0.541377719012964
4.09999999999996	0.544890531461832
4.10999999999996	0.548393448692173
4.11999999999996	0.551885779847987
4.12999999999996	0.555365703966664
4.13999999999996	0.5588319419068
4.14999999999996	0.562285274073106
4.15999999999996	0.565725931202192
4.16999999999996	0.56915380864067
4.17999999999996	0.572571885391788
4.18999999999996	0.575986254416829
4.19999999999995	0.579403375035843
4.20999999999995	0.582828713615683
4.21999999999995	0.58626627690789
4.22999999999995	0.589717772842906
4.23999999999995	0.593182251153431
4.24999999999995	0.596656832985693
4.25999999999995	0.600138079098115
4.26999999999995	0.603623202633455
4.27999999999995	0.607111175152255
4.28999999999995	0.610602903029302
4.29999999999995	0.614098876996425
4.30999999999995	0.617597211019333
4.31999999999995	0.62109494192346
4.32999999999995	0.624589924277449
4.33999999999995	0.628082035754365
4.34999999999995	0.631573448336668
4.35999999999995	0.635065930138256
4.36999999999995	0.638558336126406
4.37999999999995	0.642047981148
4.38999999999995	0.645532850579401
4.39999999999995	0.649012953904653
4.40999999999995	0.652490659194727
4.41999999999995	0.655967905875587
4.42999999999995	0.659443581278226
4.43999999999995	0.662914943797939
4.44999999999995	0.666379926971802
4.45999999999995	0.669838547046866
4.46999999999995	0.673293258869062
4.47999999999995	0.676746080151455
4.48999999999995	0.680195874495994
4.49999999999995	0.683639817967014
4.50999999999995	0.687075778690751
4.51999999999995	0.690503770657232
4.52999999999995	0.693926327993663
4.53999999999995	0.69734554114165
4.54999999999995	0.700760247644887
4.55999999999995	0.70416754110266
4.56999999999995	0.707565224567468
4.57999999999995	0.710953309756702
4.58999999999995	0.714334409793286
4.59999999999995	0.717710688219358
4.60999999999995	0.721080957992056
4.61999999999995	0.724442232139167
4.62999999999995	0.727792251330291
4.63999999999995	0.73113102683877
4.64999999999995	0.734461248033039
4.65999999999995	0.73778514903973
4.66999999999994	0.741101521467264
4.67999999999994	0.744407302397281
4.68999999999994	0.747700173846046
4.69999999999994	0.75098014857997
4.70999999999994	0.754249988605601
4.71999999999994	0.757511995296601
4.72999999999994	0.760764942395873
4.73999999999994	0.764005696254433
4.74999999999994	0.767231882991043
4.75999999999994	0.77044351754698
4.76999999999994	0.773643433645633
4.77999999999994	0.77683399966454
4.78999999999994	0.780013973566703
4.79999999999994	0.783180153960658
4.80999999999994	0.78633011341225
4.81999999999994	0.789463869902562
4.82999999999994	0.792584328036784
4.83999999999994	0.795693922984768
4.84999999999994	0.798791399215001
4.85999999999994	0.801873490874707
4.86999999999994	0.804937719534839
4.87999999999994	0.807984107106414
4.88999999999994	0.811015628053527
4.89999999999994	0.814034783955752
4.90999999999994	0.817040308150092
4.91999999999994	0.820028873829743
4.92999999999994	0.822997954306793
4.93999999999994	0.825947576318626
4.94999999999994	0.828880782967322
4.95999999999994	0.831800141678915
4.96999999999994	0.834704377086587
4.97999999999994	0.837590105149991
4.98999999999994	0.840454753825739
4.99999999999994	0.843298355572699
5.00999999999994	0.846124020707573
5.01999999999994	0.848934381751993
5.02999999999994	0.851728157114787
5.03999999999994	0.854501909441829
5.04999999999994	0.857253024393416
5.05999999999994	0.85998154103594
5.06999999999994	0.862690635271363
5.07999999999994	0.865383003772268
5.08999999999994	0.868057361241061
5.09999999999994	0.870710221113683
5.10999999999994	0.873338929956448
5.11999999999994	0.875943534312366
5.12999999999994	0.878527273830667
5.13999999999993	0.881092908191094
5.14999999999993	0.883639150932262
5.15999999999993	0.886162470551749
5.16999999999993	0.888660177853892
5.17999999999993	0.891132327702534
5.18999999999993	0.893582221445912
5.19999999999993	0.896012680423566
5.20999999999993	0.898422419563564
5.21999999999993	0.900807866847011
5.22999999999993	0.903166300763614
5.23999999999993	0.905497785309517
5.24999999999993	0.907805681272846
5.25999999999993	0.910092870098557
5.26999999999993	0.912358070653761
5.27999999999993	0.91459767495696
5.28999999999993	0.916808932730899
5.29999999999993	0.918991917874967
5.30999999999993	0.921150048147745
5.31999999999993	0.923286263335822
5.32999999999993	0.925399288776953
5.33999999999993	0.927485485193749
5.34999999999993	0.929542077174359
5.35999999999993	0.931569149244287
5.36999999999993	0.933570173454495
5.37999999999993	0.935548145958785
5.38999999999993	0.937501801064875
5.39999999999993	0.939427472959256
5.40999999999993	0.941322364796436
5.41999999999993	0.943186572395563
5.42999999999993	0.945023619216145
5.43999999999993	0.946836555594105
5.44999999999993	0.948624127260044
5.45999999999993	0.950382646696852
5.46999999999993	0.952109299378504
5.47999999999993	0.953804193023056
5.48999999999993	0.955470899413093
5.49999999999993	0.95711252067208
5.50999999999993	0.95872781634622
5.51999999999993	0.960313082099404
5.52999999999993	0.961865489513646
5.53999999999993	0.963385158742456
5.54999999999993	0.964875706609742
5.55999999999993	0.966340284424945
5.56999999999993	0.967777667868988
5.57999999999993	0.969184140702568
5.58999999999993	0.970556864423003
5.59999999999993	0.971895972081128
5.60999999999992	0.973205122070764
5.61999999999992	0.974487512082577
5.62999999999992	0.975741936164869
5.63999999999992	0.976964671101217
5.64999999999992	0.978152872113458
5.65999999999992	0.979306685531578
5.66999999999992	0.980429807666123
5.67999999999992	0.98152547958619
5.68999999999992	0.982592515841457
5.69999999999992	0.98362719115388
5.70999999999992	0.984626658264388
5.71999999999992	0.98559107707918
5.72999999999992	0.986524177999703
5.73999999999992	0.987429242279113
5.74999999999992	0.988305106994754
5.75999999999992	0.989148049712848
5.76999999999992	0.989955224540908
5.77999999999992	0.990726805259207
5.78999999999992	0.991466552389175
5.79999999999992	0.9921777840812
5.80999999999992	0.992859361989314
5.81999999999992	0.993507571256425
5.82999999999992	0.994119570720672
5.83999999999992	0.994695547827229
5.84999999999992	0.995239288959892
5.85999999999992	0.995754145676376
5.86999999999992	0.996239006095632
5.87999999999992	0.996690167763508
5.88999999999992	0.997104797878224
5.89999999999992	0.997483097552771
5.90999999999992	0.997828874828375
5.91999999999992	0.998145510967007
5.92999999999992	0.998431922114735
5.93999999999992	0.998684422936774
5.94999999999992	0.998900192726885
5.95999999999992	0.99907944633665
5.96999999999992	0.999226008975197
5.97999999999992	0.9993432867151
5.98999999999992	0.999430222368472
5.99999999999992	0.999483146365148
6.00999999999992	0.999499243197212
6.01999999999992	0.999478736171323
6.02999999999992	0.999425481808584
6.03999999999992	0.999342970977112
6.04999999999992	0.99923033979493
6.05999999999992	0.999084339800405
6.06999999999992	0.998903102483297
6.07999999999991	0.998687623705308
6.08999999999991	0.998441790090184
6.09999999999991	0.998170763624591
6.10999999999991	0.997877538976857
6.11999999999991	0.997561148634858
6.12999999999991	0.997218318136707
6.13999999999991	0.996845751478571
6.14999999999991	0.996441470198233
6.15999999999991	0.996006023085377
6.16999999999991	0.995542000263325
6.17999999999991	0.995050148795016
6.18999999999991	0.994527157815436
6.19999999999991	0.993968355631831
6.20999999999991	0.993371511490608
6.21999999999991	0.992738491824354
6.22999999999991	0.99207235563813
6.23999999999991	0.991372606996689
6.24999999999991	0.990635082496034
6.25999999999991	0.98985635530694
6.26999999999991	0.989037208787628
6.27999999999991	0.988180112770644
6.28999999999991	0.9872839930086
6.29999999999991	0.986344510590553
6.30999999999991	0.985359601040007
6.31999999999991	0.98433191267772
6.32999999999991	0.983263903314941
6.33999999999991	0.982154299834469
6.34999999999991	0.981001614056283
6.35999999999991	0.979808412662588
6.36999999999991	0.978581319069778
6.37999999999991	0.977326525218228
6.38999999999991	0.976046311419232
6.39999999999991	0.974740419968898
6.40999999999991	0.973408294057949
6.41999999999991	0.972049826222501
6.42999999999991	0.970665733671833
6.43999999999991	0.969258140658554
6.44999999999991	0.967829792456581
6.45999999999991	0.966381094800227
6.46999999999991	0.964908905109131
6.47999999999991	0.963408938026943
6.48999999999991	0.961878228159202
6.49999999999991	0.96031677099086
6.50999999999991	0.958727980690558
6.51999999999991	0.957114842591766
6.52999999999991	0.955476132929126
6.53999999999991	0.953808269101135
6.5499999999999	0.952108595208289
6.5599999999999	0.950377370835912
6.5699999999999	0.948618285635258
6.5799999999999	0.946834717790938
6.5899999999999	0.945025907119137
6.5999999999999	0.943188593928406
6.6099999999999	0.94132027923913
6.6199999999999	0.939421290421835
6.6299999999999	0.937495328876554
6.6399999999999	0.935545796874862
6.6499999999999	0.93357201219972
6.6599999999999	0.93157080213188
6.6699999999999	0.929539724835822
6.6799999999999	0.927479120316057
6.6899999999999	0.925392655595707
6.6999999999999	0.923283710039126
6.7099999999999	0.921151639519959
6.7199999999999	0.918993336231337
6.7299999999999	0.916806405885581
6.7399999999999	0.914591193848717
6.7499999999999	0.912351323998754
6.7599999999999	0.91009014464527
6.7699999999999	0.907807046041672
6.7799999999999	0.905498985425376
6.7899999999999	0.903163616641111
6.7999999999999	0.900801288789707
6.8099999999999	0.898415577964652
6.8199999999999	0.896009796866962
6.8299999999999	0.893583369237757
6.8399999999999	0.891133319042064
6.8499999999999	0.888657349512267
6.8599999999999	0.886155812292284
6.8699999999999	0.883632231505725
6.8799999999999	0.881089880048268
6.8899999999999	0.878528214334925
6.8999999999999	0.875944326628324
6.9099999999999	0.873335970685783
6.9199999999999	0.870703499514128
6.9299999999999	0.868050381263414
6.9399999999999	0.865379844968899
6.9499999999999	0.862691378808767
6.9599999999999	0.859982144692239
6.9699999999999	0.85724994787074
6.9799999999999	0.854495141524974
6.9899999999999	0.851721134006182
6.9999999999999	0.848931106578382
7.0099999999999	0.846124578174682
7.01999999999989	0.843298781476451
7.02999999999989	0.840451574031196
7.03999999999989	0.837583308002582
7.04999999999989	0.834697328309716
7.05999999999989	0.831796764694043
7.06999999999989	0.828881165747866
7.07999999999989	0.825947835831602
7.08999999999989	0.822994685428297
7.09999999999989	0.820022064500301
7.10999999999989	0.81703325110663
7.11999999999989	0.814031319889301
7.12999999999989	0.811015847927486
7.13999999999989	0.807984211954971
7.14999999999989	0.804934375872854
7.15999999999989	0.801866686272986
7.16999999999989	0.798784351143978
7.17999999999989	0.795690386639975
7.18999999999989	0.79258439708917
7.19999999999989	0.789463832087482
7.20999999999989	0.786326709285853
7.21999999999989	0.783173370759765
7.22999999999989	0.780006951445727
7.23999999999989	0.776830405822733
7.24999999999989	0.773643364175803
7.25999999999989	0.770443349254018
7.26999999999989	0.767228432646031
7.27999999999989	0.763998950796294
7.28999999999989	0.760757962845766
7.29999999999989	0.757508358623658
7.30999999999989	0.754249793036413
7.31999999999989	0.750979862088134
7.32999999999989	0.747696691356384
7.33999999999989	0.744400610578648
7.34999999999989	0.741094600603354
7.35999999999989	0.737781483858083
7.36999999999989	0.734460938503111
7.37999999999989	0.73113063371942
7.38999999999989	0.72778874899568
7.39999999999989	0.724435606332258
7.40999999999989	0.721074106041279
7.41999999999989	0.717707000628386
7.42999999999989	0.714333990118706
7.43999999999989	0.710952816621649
7.44999999999989	0.707561713338154
7.45999999999989	0.704160993553649
7.46999999999989	0.700753475058664
7.47999999999989	0.697341838155424
7.48999999999988	0.693925803334026
7.49999999999988	0.690503185223666
7.50999999999988	0.687072270425851
7.51999999999988	0.683633362591575
7.52999999999988	0.680189195266718
7.53999999999988	0.676742374513246
7.54999999999988	0.673292639885551
7.55999999999988	0.669837877974193
7.56999999999988	0.666376428365028
7.57999999999988	0.66290858421882
7.58999999999988	0.659436993378216
7.59999999999988	0.655964185877057
7.60999999999988	0.65248991894216
7.61999999999988	0.649012150427914
7.62999999999988	0.645529272392173
7.63999999999988	0.642041566718107
7.64999999999988	0.638551594351757
7.65999999999988	0.635061807762754
7.66999999999988	0.631571980476376
7.67999999999988	0.628080140784947
7.68999999999988	0.624584732618233
7.69999999999988	0.621086025866926
7.70999999999988	0.61758649365156
7.71999999999988	0.614088509594565
7.72999999999988	0.610591862172092
7.73999999999988	0.607094649170971
7.74999999999988	0.603595365713359
7.75999999999988	0.600094269058433
7.76999999999988	0.596593743834588
7.77999999999988	0.593096083786989
7.78999999999988	0.589601091029284
7.79999999999988	0.5861069317926
7.80999999999988	0.582612151640699
7.81999999999988	0.579116994640703
7.82999999999988	0.575623756520895
7.83999999999988	0.572134650370438
7.84999999999988	0.568649490668428
7.85999999999988	0.565166510943949
7.86999999999988	0.56168430638829
7.87999999999988	0.5582031073964
7.88999999999988	0.554725120642184
7.89999999999988	0.551252478028371
7.90999999999988	0.547785005175197
7.91999999999988	0.544321001677664
7.92999999999988	0.54085911148493
7.93999999999988	0.537399550921305
7.94999999999987	0.533944437699513
7.95999999999987	0.530495822249363
7.96999999999987	0.527053540161299
7.97999999999987	0.523615955788689
7.98999999999987	0.520181760920752
7.99999999999987	0.516751157494848
8.00999999999987	0.513326174595727
8.01999999999987	0.5099087811321
8.02999999999987	0.50649882155194
8.03999999999987	0.503094723593771
8.04999999999987	0.499695225927988
8.05999999999987	0.496300515870696
8.06999999999987	0.492912534443302
8.07999999999987	0.48953316921669
8.08999999999987	0.486162272446037
8.09999999999987	0.482798333825639
8.10999999999987	0.479440137913835
8.11999999999987	0.476087857252326
8.12999999999987	0.47274334558562
8.13999999999987	0.469408409553525
8.14999999999987	0.466082908233767
8.15999999999987	0.46276539179993
8.16999999999987	0.459454689677032
8.17999999999987	0.456150959558918
8.18999999999987	0.452855968910898
8.19999999999987	0.449571444062923
8.20999999999987	0.446297249998846
8.21999999999987	0.443031995856567
8.22999999999987	0.439774554884388
8.23999999999987	0.436525069932491
8.24999999999987	0.433285223384543
8.25999999999987	0.430056662086386
8.26999999999987	0.426839256081615
8.27999999999987	0.423631671927125
8.28999999999987	0.420432825634451
8.29999999999987	0.41724284528933
8.30999999999987	0.41406332957908
8.31999999999987	0.41089584688492
8.32999999999987	0.407740271534934
8.33999999999987	0.404595325936958
8.34999999999987	0.401459967794105
8.35999999999987	0.398334310578777
8.36999999999987	0.395219870842224
8.37999999999987	0.392118139702763
8.38999999999987	0.389028995069236
8.39999999999987	0.385951213616752
8.40999999999987	0.382883793661323
8.41999999999986	0.37982683428144
8.42999999999986	0.376781771614297
8.43999999999986	0.373750020887124
8.44999999999986	0.37073146295706
8.45999999999986	0.367724927173773
8.46999999999986	0.364729451384634
8.47999999999986	0.361745120557968
8.48999999999986	0.358773292286986
8.49999999999986	0.355815307437103
8.50999999999986	0.35287104925169
8.51999999999986	0.349939398159257
8.52999999999986	0.347019430457862
8.53999999999986	0.344111217349369
8.54999999999986	0.341216039887201
8.55999999999986	0.338335166248632
8.56999999999986	0.335468481570156
8.57999999999986	0.332614915765918
8.58999999999986	0.329773582508167
8.59999999999986	0.326944539631321
8.60999999999986	0.324128993773191
8.61999999999986	0.32132814222765
8.62999999999986	0.31854187159821
8.63999999999986	0.315769159698936
8.64999999999986	0.31300915650685
8.65999999999986	0.310261906938351
8.66999999999986	0.307528545445588
8.67999999999986	0.304810200361312
8.68999999999986	0.302106759394528
8.69999999999986	0.299417246685477
8.70999999999986	0.296740847456127
8.71999999999986	0.294077594199611
8.72999999999986	0.291428551503962
8.73999999999986	0.28879478076701
8.74999999999986	0.286176170503484
8.75999999999986	0.283571789622003
8.76999999999986	0.280980857541392
8.77999999999986	0.278403394866389
8.78999999999986	0.275840398719983
8.79999999999986	0.273292865681623
8.80999999999986	0.27076068483056
8.81999999999986	0.268242968305436
8.82999999999986	0.265738968687405
8.83999999999986	0.263248695262481
8.84999999999986	0.260773080151383
8.85999999999986	0.258313057308577
8.86999999999986	0.255868516191713
8.87999999999986	0.253438610653594
8.88999999999985	0.251022625418216
8.89999999999985	0.248620559052041
8.90999999999985	0.246233281186435
8.91999999999985	0.243861665407879
8.92999999999985	0.24150560141764
8.93999999999985	0.239164283291936
8.94999999999985	0.236837026894365
8.95999999999985	0.234523820695198
8.96999999999985	0.23222547438637
8.97999999999985	0.229942803493981
8.98999999999985	0.227675697875561
8.99999999999985	0.225423390367325
9.00999999999985	0.223185226986422
9.01999999999985	0.220961186749256
9.02999999999985	0.218752021982557
9.03999999999985	0.216558492497651
9.04999999999985	0.214380488264342
9.05999999999985	0.212217279444594
9.06999999999985	0.210068241240945
9.07999999999985	0.207933343872119
9.08999999999985	0.205813284885986
9.09999999999985	0.203708770750541
9.10999999999985	0.201619691543089
9.11999999999985	0.199545353347771
9.12999999999985	0.197485159602737
9.13999999999985	0.195439072394117
9.14999999999985	0.193407737077804
9.15999999999985	0.191391809164067
9.16999999999985	0.189391178867975
9.17999999999985	0.187405186824126
9.18999999999985	0.185433263775209
9.19999999999985	0.18347536434399
9.20999999999985	0.181532084270837
9.21999999999985	0.17960403049696
9.22999999999985	0.177691093436305
9.23999999999985	0.175792646934969
9.24999999999985	0.173908148127964
9.25999999999985	0.172037544843539
9.26999999999985	0.170181385762262
9.27999999999985	0.168340231637514
9.28999999999985	0.166513973169959
9.29999999999985	0.164702016111641
9.30999999999985	0.162903843096567
9.31999999999985	0.161119395822646
9.32999999999985	0.159349178436076
9.33999999999985	0.157593707866346
9.34999999999985	0.155852875211366
9.35999999999984	0.154126116857399
9.36999999999984	0.152412940062936
9.37999999999984	0.150713281051052
9.38999999999984	0.14902760191986
9.39999999999984	0.14735637811244
9.40999999999984	0.145699501253246
9.41999999999984	0.144056437125075
9.42999999999984	0.14242671675504
9.43999999999984	0.14081027153453
9.44999999999984	0.139207523952619
9.45999999999984	0.137618910268536
9.46999999999984	0.136044322777589
9.47999999999984	0.134483255455522
9.48999999999984	0.13293526226063
9.49999999999984	0.131400270380019
9.50999999999984	0.129878665078198
9.51999999999984	0.128370845690462
9.52999999999984	0.126876705338695
9.53999999999984	0.125395765022005
9.54999999999984	0.123927600810586
9.55999999999984	0.122472136295857
9.56999999999984	0.121029721841116
9.57999999999984	0.119600722067982
9.58999999999984	0.11818503108869
9.59999999999984	0.116782195789901
9.60999999999984	0.115391813552283
9.61999999999984	0.114013804958635
9.62999999999984	0.112648487727494
9.63999999999984	0.111296193921141
9.64999999999984	0.109956818810821
9.65999999999984	0.108629934068398
9.66999999999984	0.10731515760113
9.67999999999984	0.106012407546355
9.68999999999984	0.104721971162353
9.69999999999984	0.103444150044966
9.70999999999984	0.10217884079508
9.71999999999984	0.100925638800458
9.72999999999984	0.0996841817282959
9.73999999999984	0.0984543858076682
9.74999999999984	0.0972365099448797
9.75999999999984	0.0960308272959929
9.76999999999984	0.0948372359614594
9.77999999999984	0.0936553540082226
9.78999999999984	0.092484838113683
9.79999999999984	0.091325603108179
9.80999999999984	0.0901778815745445
9.81999999999984	0.0890419201853871
9.82999999999983	0.0879176187075364
9.83999999999983	0.0868046168824559
9.84999999999983	0.0857025896646562
9.85999999999983	0.0846114509662074
9.86999999999983	0.0835314089923397
9.87999999999983	0.0824626858148079
9.88999999999983	0.0814051830283584
9.89999999999983	0.0803585610758243
9.90999999999983	0.0793225124721023
9.91999999999983	0.0782969506613362
9.92999999999983	0.0772820613322006
9.93999999999983	0.0762780437617499
9.94999999999983	0.0752848015270177
9.95999999999983	0.0743020148299879
9.96999999999983	0.0733293930453579
9.97999999999983	0.0723662260418258
9.98999999999983	0.071410065031462
9.99999999999983	0.0704564814478852
