# N mu
0	0.999296232551406
0.01	0.993449728748442
0.02	0.990440116892566
0.03	0.990464231789797
0.04	0.98973004884153
0.05	0.990085926333081
0.06	0.990878480186653
0.07	0.991828765238692
0.08	0.992833213743319
0.09	0.993835958575142
0.1	0.993835958575142
0.11	0.994462841782351
0.12	0.995062634004687
0.13	0.995665647649394
0.14	0.99626904022642
0.15	0.996835660353981
0.16	0.99733947912335
0.17	0.997754408537927
0.18	0.998078806563118
0.19	0.998354405662576
0.2	0.998599617367999
0.21	0.998806265604791
0.22	0.998978567844048
0.23	0.999117670938185
0.24	0.999227625844768
0.25	0.999329710709223
0.26	0.99943172406126
0.27	0.999520958041318
0.28	0.999594413017434
0.29	0.999659871560803
0.3	0.999713713351821
0.31	0.999753291276446
0.32	0.999788715590314
0.33	0.999824472629193
0.34	0.999856245838898
0.35	0.999880810150456
0.36	0.999899013964076
0.37	0.999915002230108
0.38	0.999930146338101
0.39	0.999942447183594
0.4	0.999952040204385
0.41	0.999960087660246
0.42	0.9999669743968
0.43	0.99997313216779
0.44	0.999978411492668
0.45	0.999982530436874
0.46	0.999985885209445
0.47	0.999988605644411
0.48	0.999990393333666
0.49	0.999991674182251
0.5	0.999993079360873
0.51	0.999994502086195
0.52	0.999995693162716
0.53	0.999996612372769
0.54	0.999997327301598
0.55	0.999997916591994
0.56	0.999998367558365
0.57	0.999998682831808
0.58	0.999998919311732
0.59	0.999999107376879
0.6	0.999999269017535
0.61	0.999999433156147
0.62	0.999999575303973
0.63	0.999999656892825
0.64	0.999999703409334
0.65	0.999999750216126
0.66	0.999999798343068
0.67	0.999999844052161
0.68	0.999999883840446
0.69	0.999999914172206
0.7	0.999999937048819
0.71	0.999999954568048
0.72	0.999999966402696
0.73	0.999999973424457
0.74	0.999999977989452
0.75	0.999999980956177
0.76	0.999999983643135
0.77	0.999999987316865
0.78	0.999999991018449
0.79	0.999999993729145
0.8	0.999999995482741
0.810000000000001	0.999999996545672
0.820000000000001	0.999999997269111
0.830000000000001	0.99999999790688
0.840000000000001	0.999999998464531
0.850000000000001	0.999999998870528
0.860000000000001	0.999999999136311
0.870000000000001	0.999999999325435
0.880000000000001	0.999999999476013
0.890000000000001	0.999999999603303
0.900000000000001	0.999999999712932
0.910000000000001	0.999999999794249
0.920000000000001	0.999999999841911
0.930000000000001	0.999999999872175
0.940000000000001	0.999999999902096
0.950000000000001	0.999999999929882
0.960000000000001	0.999999999949377
0.970000000000001	0.999999999962511
0.980000000000001	0.999999999971298
0.990000000000001	0.999999999974401
1	0.999999999975229
1.01	0.999999999978626
1.02	0.999999999983698
1.03	0.999999999988562
1.04	0.999999999992539
1.05	0.999999999995292
1.06	0.999999999996993
1.07	0.999999999998006
1.08	0.999999999998647
1.09	0.999999999999004
1.1	0.999999999999198
1.11	0.999999999999387
1.12	0.999999999999563
1.13	0.999999999999685
1.14	0.999999999999774
1.15	0.999999999999841
1.16	0.999999999999884
1.17	0.999999999999913
1.18	0.99999999999993
1.19	0.999999999999926
1.2	0.999999999999917
1.21	0.999999999999927
1.22	0.99999999999995
1.23	0.999999999999969
1.24	0.999999999999981
1.25	0.999999999999989
1.26	0.999999999999994
1.27	0.999999999999996
1.28	0.999999999999996
1.29	0.999999999999996
1.3	0.999999999999997
1.31	0.999999999999998
1.32	0.999999999999998
1.33	0.999999999999999
1.34	0.999999999999999
1.35	0.999999999999999
1.36	1
1.37	1
1.38	1
1.39	1
1.4	1
1.41	1
1.42	1
1.43	1
1.44	1
1.45	1
1.46	1
1.47	1
1.48	1
1.49	1
1.5	1
1.51	1
1.52	1
1.53	1
1.54	1
1.55	1
1.56	1
1.57	1
1.58	1
1.59	1
1.6	1
1.61	1
1.62	1
1.63	1
1.64	1
1.65	1
1.66	1
1.67	1
1.68	1
1.69	1
1.7	1
1.71	0.999999999999999
1.72	0.999999999999999
1.73	0.999999999999999
1.74	0.999999999999999
1.75	0.999999999999999
1.76	1
1.77	1
1.78	1
1.79	1
1.8	0.999999999999999
1.81	0.999999999999999
1.82	1
1.83	1
1.84	1
1.85	1
1.86	1
1.87	1
1.88	1
1.89	1
1.9	1
1.91	1
1.92	1
1.93	1
1.94	1
1.95	1
1.96	1
1.97	1
1.98	1
1.99	1
2	1
2.01	1
2.02	1
2.03	1
2.04	1
2.05	1
2.06	1
2.07	1
2.08	1
2.09	1
2.1	1
2.11	1
2.12	1
2.13	1
2.14	1
2.15	1
2.16	1
2.17	1
2.18	1
2.19	0.999999999999999
2.2	0.999999999999999
2.21	0.999999999999999
2.22	0.999999999999999
2.23	0.999999999999999
2.24	1
2.25	1
2.26	0.999999999999999
2.27	1
2.28	1
2.29	1
2.29999999999999	1
2.30999999999999	1
2.31999999999999	1
2.32999999999999	1
2.33999999999999	1
2.34999999999999	1
2.35999999999999	1
2.36999999999999	1
2.37999999999999	1
2.38999999999999	1
2.39999999999999	1
2.40999999999999	1
2.41999999999999	1
2.42999999999999	1
2.43999999999999	1
2.44999999999999	1
2.45999999999999	1
2.46999999999999	1
2.47999999999999	1
2.48999999999999	1
2.49999999999999	1
2.50999999999999	1
2.51999999999999	1
2.52999999999999	1
2.53999999999999	1
2.54999999999999	1
2.55999999999999	1
2.56999999999999	1
2.57999999999999	1
2.58999999999999	1
2.59999999999999	1
2.60999999999999	1
2.61999999999999	1
2.62999999999999	1
2.63999999999999	1
2.64999999999999	1
2.65999999999999	1
2.66999999999999	1
2.67999999999999	1
2.68999999999999	1
2.69999999999999	1
2.70999999999999	1
2.71999999999999	1
2.72999999999999	1
2.73999999999999	1
2.74999999999999	1
2.75999999999999	0.999999999999999
2.76999999999998	0.999999999999999
2.77999999999998	0.999999999999999
2.78999999999998	0.999999999999999
2.79999999999998	1
2.80999999999998	1
2.81999999999998	1
2.82999999999998	1
2.83999999999998	1
2.84999999999998	1
2.85999999999998	1
2.86999999999998	1
2.87999999999998	1
2.88999999999998	1
2.89999999999998	1
2.90999999999998	1
2.91999999999998	1
2.92999999999998	1
2.93999999999998	1
2.94999999999998	1
2.95999999999998	1
2.96999999999998	1
2.97999999999998	1
2.98999999999998	1
2.99999999999998	1
3.00999999999998	1
3.01999999999998	1
3.02999999999998	1
3.03999999999998	1
3.04999999999998	1
3.05999999999998	1
3.06999999999998	1
3.07999999999998	1
3.08999999999998	1
3.09999999999998	1
3.10999999999998	1
3.11999999999998	1
3.12999999999998	1
3.13999999999998	1
3.14999999999998	1
3.15999999999998	1
3.16999999999998	1
3.17999999999998	1
3.18999999999998	1
3.19999999999998	1
3.20999999999998	1
3.21999999999998	1
3.22999999999998	1
3.23999999999997	1
3.24999999999997	1
3.25999999999997	1
3.26999999999997	1
3.27999999999997	1
3.28999999999997	1
3.29999999999997	1
3.30999999999997	1
3.31999999999997	1
3.32999999999997	1
3.33999999999997	1
3.34999999999997	1
3.35999999999997	1
3.36999999999997	1
3.37999999999997	1
3.38999999999997	1
3.39999999999997	1
3.40999999999997	1
3.41999999999997	1
3.42999999999997	1
3.43999999999997	1
3.44999999999997	1
3.45999999999997	1
3.46999999999997	1
3.47999999999997	1
3.48999999999997	1
3.49999999999997	1
3.50999999999997	1
3.51999999999997	1
3.52999999999997	1
3.53999999999997	1
3.54999999999997	1
3.55999999999997	1
3.56999999999997	1
3.57999999999997	1
3.58999999999997	0.999999999999999
3.59999999999997	1
3.60999999999997	1
3.61999999999997	1
3.62999999999997	1
3.63999999999997	1
3.64999999999997	1
3.65999999999997	1
3.66999999999997	1
3.67999999999997	1
3.68999999999997	1
3.69999999999997	1
3.70999999999996	1
3.71999999999996	1
3.72999999999996	1
3.73999999999996	1
3.74999999999996	1
3.75999999999996	1
3.76999999999996	1
3.77999999999996	1
3.78999999999996	1
3.79999999999996	1
3.80999999999996	1
3.81999999999996	1
3.82999999999996	1
3.83999999999996	1
3.84999999999996	1
3.85999999999996	1
3.86999999999996	1
3.87999999999996	1
3.88999999999996	1
3.89999999999996	1
3.90999999999996	1
3.91999999999996	1
3.92999999999996	1
3.93999999999996	1
3.94999999999996	1
3.95999999999996	1
3.96999999999996	1
3.97999999999996	1
3.98999999999996	1
3.99999999999996	1
4.00999999999996	1
4.01999999999996	1
4.02999999999996	1
4.03999999999996	1
4.04999999999996	1
4.05999999999996	1
4.06999999999996	1
4.07999999999996	1
4.08999999999996	1
4.09999999999996	1
4.10999999999996	1
4.11999999999996	1
4.12999999999996	1
4.13999999999996	1
4.14999999999996	1
4.15999999999996	1
4.16999999999996	1
4.17999999999996	1
4.18999999999996	1
4.19999999999995	1
4.20999999999995	1
4.21999999999995	1
4.22999999999995	1
4.23999999999995	1
4.24999999999995	1
4.25999999999995	1
4.26999999999995	1
4.27999999999995	1
4.28999999999995	1
4.29999999999995	1
4.30999999999995	1
4.31999999999995	1
4.32999999999995	1
4.33999999999995	1
4.34999999999995	1
4.35999999999995	1
4.36999999999995	1
4.37999999999995	1
4.38999999999995	1
4.39999999999995	1
4.40999999999995	1
4.41999999999995	1
4.42999999999995	1
4.43999999999995	1
4.44999999999995	1
4.45999999999995	1
4.46999999999995	1
4.47999999999995	1
4.48999999999995	1
4.49999999999995	1
4.50999999999995	1
4.51999999999995	1
4.52999999999995	1
4.53999999999995	1
4.54999999999995	1
4.55999999999995	1
4.56999999999995	0.999999999999999
4.57999999999995	1
4.58999999999995	1
4.59999999999995	1
4.60999999999995	1
4.61999999999995	1
4.62999999999995	1
4.63999999999995	1
4.64999999999995	1
4.65999999999995	1
4.66999999999994	1
4.67999999999994	1
4.68999999999994	1
4.69999999999994	1
4.70999999999994	1
4.71999999999994	1
4.72999999999994	1
4.73999999999994	1
4.74999999999994	1
4.75999999999994	1
4.76999999999994	1
4.77999999999994	1
4.78999999999994	1
4.79999999999994	1
4.80999999999994	1
4.81999999999994	1
4.82999999999994	1
4.83999999999994	1
4.84999999999994	1
4.85999999999994	1
4.86999999999994	1
4.87999999999994	1
4.88999999999994	1
4.89999999999994	1
4.90999999999994	1
4.91999999999994	1
4.92999999999994	1
4.93999999999994	1
4.94999999999994	1
4.95999999999994	1
4.96999999999994	1
4.97999999999994	1
4.98999999999994	1
4.99999999999994	1
5.00999999999994	1
5.01999999999994	1
5.02999999999994	1
5.03999999999994	1
5.04999999999994	1
5.05999999999994	1
5.06999999999994	1
5.07999999999994	1
5.08999999999994	1
5.09999999999994	1
5.10999999999994	1
5.11999999999994	1
5.12999999999994	1
5.13999999999993	1
5.14999999999993	1
5.15999999999993	1
5.16999999999993	1
5.17999999999993	1
5.18999999999993	1
5.19999999999993	1
5.20999999999993	1
5.21999999999993	1
5.22999999999993	1
5.23999999999993	1
5.24999999999993	1
5.25999999999993	1
5.26999999999993	1
5.27999999999993	1
5.28999999999993	1
5.29999999999993	1
5.30999999999993	1
5.31999999999993	1
5.32999999999993	1
5.33999999999993	1
5.34999999999993	1
5.35999999999993	1
5.36999999999993	1
5.37999999999993	1
5.38999999999993	1
5.39999999999993	1
5.40999999999993	1
5.41999999999993	1
5.42999999999993	1
5.43999999999993	1
5.44999999999993	1
5.45999999999993	1
5.46999999999993	1
5.47999999999993	1
5.48999999999993	1
5.49999999999993	1
5.50999999999993	1
5.51999999999993	1
5.52999999999993	1
5.53999999999993	1
5.54999999999993	1
5.55999999999993	1
5.56999999999993	1
5.57999999999993	1
5.58999999999993	1
5.59999999999993	0.999999999999999
5.60999999999992	0.999999999999999
5.61999999999992	0.999999999999999
5.62999999999992	0.999999999999999
5.63999999999992	1
5.64999999999992	1
5.65999999999992	1
5.66999999999992	1
5.67999999999992	1
5.68999999999992	1
5.69999999999992	1
5.70999999999992	1
5.71999999999992	1
5.72999999999992	1
5.73999999999992	1
5.74999999999992	1
5.75999999999992	1
5.76999999999992	1
5.77999999999992	1
5.78999999999992	1
5.79999999999992	1
5.80999999999992	1
5.81999999999992	1
5.82999999999992	1
5.83999999999992	1
5.84999999999992	1
5.85999999999992	1
5.86999999999992	1
5.87999999999992	1
5.88999999999992	1
5.89999999999992	1
5.90999999999992	1
5.91999999999992	1
5.92999999999992	1
5.93999999999992	1
5.94999999999992	1
5.95999999999992	1
5.96999999999992	1
5.97999999999992	0.999999999999999
5.98999999999992	1
5.99999999999992	1
6.00999999999992	1
6.01999999999992	0.999999999999999
6.02999999999992	0.999999999999999
6.03999999999992	0.999999999999999
6.04999999999992	0.999999999999999
6.05999999999992	1
6.06999999999992	1
6.07999999999991	0.999999999999999
6.08999999999991	0.999999999999999
6.09999999999991	0.999999999999999
6.10999999999991	0.999999999999999
6.11999999999991	0.999999999999998
6.12999999999991	0.999999999999997
6.13999999999991	0.999999999999997
6.14999999999991	0.999999999999998
6.15999999999991	0.999999999999995
6.16999999999991	0.999999999999987
6.17999999999991	0.999999999999978
6.18999999999991	0.999999999999977
6.19999999999991	0.999999999999982
6.20999999999991	0.999999999999988
6.21999999999991	0.999999999999992
6.22999999999991	0.999999999999794
6.23999999999991	0.999999999999191
6.24999999999991	0.999999999998654
6.25999999999991	0.999999999998699
6.26999999999991	0.99999999999907
6.27999999999991	0.999999999999279
6.28999999999991	0.999999999999144
6.29999999999991	0.999999999998968
6.30999999999991	0.999999999999092
6.31999999999991	0.999999999999381
6.32999999999991	0.999999999999622
6.33999999999991	0.999999999999786
6.34999999999991	0.999999999999886
6.35999999999991	0.999999999999924
6.36999999999991	0.999999999999905
6.37999999999991	0.999999999999877
6.38999999999991	0.999999999999885
6.39999999999991	0.999999999999914
6.40999999999991	0.999999999999918
6.41999999999991	0.999999999999875
6.42999999999991	0.99999999999983
6.43999999999991	0.999999999999829
6.44999999999991	0.999999999999852
6.45999999999991	0.999999999999477
6.46999999999991	0.999999999998299
6.47999999999991	0.999999999997252
6.48999999999991	0.999999999997221
6.49999999999991	0.999999999997563
6.50999999999991	0.999999999997671
6.51999999999991	0.999999999997594
6.52999999999991	0.999999999997649
6.53999999999991	0.999999999998101
6.5499999999999	0.999999999998694
6.5599999999999	0.999999999992505
6.5699999999999	0.999999999972865
6.5799999999999	0.999999999955308
6.5899999999999	0.999999999955132
6.5999999999999	0.999999999962261
6.6099999999999	0.999999999967675
6.6199999999999	0.999999999972835
6.6299999999999	0.999999999978505
6.6399999999999	0.999999999974761
6.6499999999999	0.999999999950296
6.6599999999999	0.999999999927326
6.6699999999999	0.999999999932524
6.6799999999999	0.99999999995439
6.6899999999999	0.999999999969895
6.6999999999999	0.999999999968885
6.7099999999999	0.999999999959541
6.7199999999999	0.999999999956546
6.7299999999999	0.999999999960143
6.7399999999999	0.999999999745014
6.7499999999999	0.999999999089913
6.7599999999999	0.999999998508444
6.7699999999999	0.999999998503397
6.7799999999999	0.999999998736025
6.7899999999999	0.99999999894801
6.7999999999999	0.999999999224916
6.8099999999999	0.999999999498336
6.8199999999999	0.999999999512518
6.8299999999999	0.999999999110183
6.8399999999999	0.999999998719333
6.8499999999999	0.999999998784558
6.8599999999999	0.999999999080328
6.8699999999999	0.999999999336547
6.8799999999999	0.999999999528449
6.8899999999999	0.999999999628394
6.8999999999999	0.999999999672082
6.9099999999999	0.999999999708281
6.9199999999999	0.999999999723342
6.9299999999999	0.999999999590889
6.9399999999999	0.999999999190662
6.9499999999999	0.999999998060376
6.9599999999999	0.999999995693242
6.9699999999999	0.999999993666035
6.9799999999999	0.999999992822274
6.9899999999999	0.999999991234628
6.9999999999999	0.999999989893563
7.0099999999999	0.999999991220921
7.01999999999989	0.999999994007754
7.02999999999989	0.999999994608982
7.03999999999989	0.999999990847587
7.04999999999989	0.999999986941411
7.05999999999989	0.999999985653055
7.06999999999989	0.999999982952022
7.07999999999989	0.999999980564889
7.08999999999989	0.999999980977762
7.09999999999989	0.999999979355253
7.10999999999989	0.999999975699836
7.11999999999989	0.999999973117971
7.12999999999989	0.999999972558933
7.13999999999989	0.999999974429822
7.14999999999989	0.999999975866471
7.15999999999989	0.999999977105116
7.16999999999989	0.999999981386603
7.17999999999989	0.999999987236963
7.18999999999989	0.999999988059071
7.19999999999989	0.999999978915121
7.20999999999989	0.999999968869085
7.21999999999989	0.999999964304909
7.22999999999989	0.999999956389007
7.23999999999989	0.999999948795536
7.24999999999989	0.999999951736383
7.25999999999989	0.999999960907915
7.26999999999989	0.999999951489967
7.27999999999989	0.999999900721719
7.28999999999989	0.999999850388986
7.29999999999989	0.999999817951778
7.30999999999989	0.999999747288376
7.31999999999989	0.999999686025819
7.32999999999989	0.999999697248333
7.33999999999989	0.999999714267754
7.34999999999989	0.999999723666398
7.35999999999989	0.999999672207483
7.36999999999989	0.999999439390479
7.37999999999989	0.999999208807991
7.38999999999989	0.999999208015543
7.39999999999989	0.999999351910824
7.40999999999989	0.999999475242062
7.41999999999989	0.999999491595689
7.42999999999989	0.999999480039221
7.43999999999989	0.999999525187059
7.44999999999989	0.999999550594725
7.45999999999989	0.999999524618608
7.46999999999989	0.99999944505865
7.47999999999989	0.999999334124435
7.48999999999988	0.999999267939002
7.49999999999988	0.999999206991854
7.50999999999988	0.999999173248638
7.51999999999988	0.999998879343701
7.52999999999988	0.999997863288084
7.53999999999988	0.999996932348961
7.54999999999988	0.999996684634277
7.55999999999988	0.999996279973205
7.56999999999988	0.999995508673239
7.57999999999988	0.999994709130602
7.58999999999988	0.99999438989822
7.59999999999988	0.999994614793646
7.60999999999988	0.999994294453947
7.61999999999988	0.999993935875281
7.62999999999988	0.999993519333891
7.63999999999988	0.999991028457054
7.64999999999988	0.99998865564453
7.65999999999988	0.999989603483542
7.66999999999988	0.999992065356979
7.67999999999988	0.999993713658638
7.68999999999988	0.99999424754075
7.69999999999988	0.999994457585215
7.70999999999988	0.999994608971324
7.71999999999988	0.999993537813083
7.72999999999988	0.999992163033815
7.73999999999988	0.999992546877196
7.74999999999988	0.999993514977641
7.75999999999988	0.999993280480254
7.76999999999988	0.999992903129207
7.77999999999988	0.999993564591891
7.78999999999988	0.999994627869596
7.79999999999988	0.999994944102329
7.80999999999988	0.999994158508448
7.81999999999988	0.999992711322261
7.82999999999988	0.999989779788585
7.83999999999988	0.999985768825598
7.84999999999988	0.999982929543657
7.85999999999988	0.999980766855516
7.86999999999988	0.999980020989197
7.87999999999988	0.999975460157896
7.88999999999988	0.999957609932658
7.89999999999988	0.999941322550907
7.90999999999988	0.99994229754196
7.91999999999988	0.999948047842024
7.92999999999988	0.999952223418311
7.93999999999988	0.999960029881166
7.94999999999987	0.999968499516153
7.95999999999987	0.999971538736599
7.96999999999987	0.99996432915332
7.97999999999987	0.9999531687639
7.98999999999987	0.999949237697095
7.99999999999987	0.999948823298918
8.00999999999987	0.999948803884163
8.01999999999987	0.999941947771657
8.02999999999987	0.999912311240109
8.03999999999987	0.99988375641778
8.04999999999987	0.999877940960387
8.05999999999987	0.999867140513023
8.06999999999987	0.999856332689583
8.07999999999987	0.999872769539266
8.08999999999987	0.999898990408581
8.09999999999987	0.999916550508873
8.10999999999987	0.999927102758817
8.11999999999987	0.999930854411707
8.12999999999987	0.999933648652574
8.13999999999987	0.99992983975519
8.14999999999987	0.999905531099248
8.15999999999987	0.999874208494835
8.16999999999987	0.999832823691737
8.17999999999987	0.999771689153474
8.18999999999987	0.999736267610622
8.19999999999987	0.999742325859191
8.20999999999987	0.999756997392269
8.21999999999987	0.99978159237581
8.22999999999987	0.999813195254513
8.23999999999987	0.999830478956276
8.24999999999987	0.999821557000861
8.25999999999987	0.999774183523647
8.26999999999987	0.999729648183156
8.27999999999987	0.999720296372003
8.28999999999987	0.999694444845428
8.29999999999987	0.99966231248045
8.30999999999987	0.999674866733532
8.31999999999987	0.999701951239605
8.32999999999987	0.999723075157795
8.33999999999987	0.999737348369302
8.34999999999987	0.999718636754894
8.35999999999987	0.99968736569322
8.36999999999987	0.999665990878689
8.37999999999987	0.999640694915732
8.38999999999987	0.999595914110219
8.39999999999987	0.999491933279926
8.40999999999987	0.999386384391637
8.41999999999986	0.99937757336268
8.42999999999986	0.999392210530743
8.43999999999986	0.999382561273982
8.44999999999986	0.999275523145475
8.45999999999986	0.998896247468559
8.46999999999986	0.998523652571275
8.47999999999986	0.998573396307983
8.48999999999986	0.998840789173093
8.49999999999986	0.998993967945135
8.50999999999986	0.999018368646805
8.51999999999986	0.998946283338725
8.52999999999986	0.998893884806035
8.53999999999986	0.998888964480993
8.54999999999986	0.998719955080146
8.55999999999986	0.998508369551749
8.56999999999986	0.99850548042648
8.57999999999986	0.998596338546951
8.58999999999986	0.998709602987976
8.59999999999986	0.998788172394946
8.60999999999986	0.99865220273508
8.61999999999986	0.998457625617851
8.62999999999986	0.998401004728297
8.63999999999986	0.998354944898828
8.64999999999986	0.998346804766163
8.65999999999986	0.998332384679284
8.66999999999986	0.998032733869142
8.67999999999986	0.997710685271962
8.68999999999986	0.997632313694238
8.69999999999986	0.997505954225611
8.70999999999986	0.997427903658757
8.71999999999986	0.997554475018701
8.72999999999986	0.997575356119034
8.73999999999986	0.997497480365902
8.74999999999986	0.997346420685684
8.75999999999986	0.996971408424499
8.76999999999986	0.996777891408767
8.77999999999986	0.996831163798709
8.78999999999986	0.996593848524058
8.79999999999986	0.996245237449879
8.80999999999986	0.996062154212522
8.81999999999986	0.995949116934884
8.82999999999986	0.99605629707849
8.83999999999986	0.996089001227274
8.84999999999986	0.995699236542796
8.85999999999986	0.995365824530318
8.86999999999986	0.995147479511644
8.87999999999986	0.994812905353839
8.88999999999985	0.994587797406662
8.89999999999985	0.993991408121899
8.90999999999985	0.992992000834291
8.91999999999985	0.992624307389166
8.92999999999985	0.992639695285767
8.93999999999985	0.992600205735786
8.94999999999985	0.992815202155189
8.95999999999985	0.992468660509646
8.96999999999985	0.991474167494926
8.97999999999985	0.991000370035603
8.98999999999985	0.990477474078385
8.99999999999985	0.989635761333926
9.00999999999985	0.989722774008731
9.01999999999985	0.989972414208313
9.02999999999985	0.9893689540517
9.03999999999985	0.98887588263196
9.04999999999985	0.988366660877499
9.05999999999985	0.987734077820164
9.06999999999985	0.988255481300285
9.07999999999985	0.989039068213896
9.08999999999985	0.988660991074174
9.09999999999985	0.988087384838794
9.10999999999985	0.987525184756221
9.11999999999985	0.986675208038507
9.12999999999985	0.98660904041505
9.13999999999985	0.987078621782385
9.14999999999985	0.987299559078041
9.15999999999985	0.987491829068882
9.16999999999985	0.986677748464807
9.17999999999985	0.984732650176633
9.18999999999985	0.98390188547117
9.19999999999985	0.98450977376315
9.20999999999985	0.985265112343031
9.21999999999985	0.986046192394858
9.22999999999985	0.985714785732243
9.23999999999985	0.983325308050418
9.24999999999985	0.981452339181987
9.25999999999985	0.981353916003944
9.26999999999985	0.98098708487417
9.27999999999985	0.980656777689171
9.28999999999985	0.98122922466533
9.29999999999985	0.981295354330556
9.30999999999985	0.980955726527105
9.31999999999985	0.980849979009138
9.32999999999985	0.980110404572631
9.33999999999985	0.979026564109372
9.34999999999985	0.978369618999207
9.35999999999984	0.977486923654541
9.36999999999984	0.976838669187054
9.37999999999984	0.976408073598416
9.38999999999984	0.973871088453645
9.39999999999984	0.970915333632898
9.40999999999984	0.970929682700212
9.41999999999984	0.971996028466495
9.42999999999984	0.972177900634918
9.43999999999984	0.972198763216797
9.44999999999984	0.971414347965043
9.45999999999984	0.970277197873207
9.46999999999984	0.969632499662581
9.47999999999984	0.966897984834493
9.48999999999984	0.96330539785124
9.49999999999984	0.962341855126562
9.50999999999984	0.96098917429928
9.51999999999984	0.959026074307383
9.52999999999984	0.959139703285555
9.53999999999984	0.957400100862546
9.54999999999984	0.954258358934876
9.55999999999984	0.95438653516055
9.56999999999984	0.954743163684318
9.57999999999984	0.954104414312574
9.58999999999984	0.95537248085186
9.59999999999984	0.955292007661554
9.60999999999984	0.952297559236736
9.61999999999984	0.950721340011682
9.62999999999984	0.949594180343583
9.63999999999984	0.94662886025678
9.64999999999984	0.945739389089049
9.65999999999984	0.947877929085214
9.66999999999984	0.947934671788393
9.67999999999984	0.945181507240642
9.68999999999984	0.944226103338715
9.69999999999984	0.94546577780277
9.70999999999984	0.946374192981523
9.71999999999984	0.945538646062372
9.72999999999984	0.941465869934268
9.73999999999984	0.937346894673954
9.74999999999984	0.93717225082115
9.75999999999984	0.936043967249066
9.76999999999984	0.931563111009572
9.77999999999984	0.92975126423561
9.78999999999984	0.929307045759601
9.79999999999984	0.926707322726402
9.80999999999984	0.925386806164481
9.81999999999984	0.923833391548953
9.82999999999983	0.921360594835995
9.83999999999983	0.922683163806906
9.84999999999983	0.923423895408818
9.85999999999983	0.918756683534944
9.86999999999983	0.915559111718419
9.87999999999983	0.915812262464706
9.88999999999983	0.913606776375769
9.89999999999983	0.911392750017266
9.90999999999983	0.911071354182315
9.91999999999983	0.908144133945801
9.92999999999983	0.906022610553256
9.93999999999983	0.906712641849228
9.94999999999983	0.902694982939722
9.95999999999983	0.897070850649269
9.96999999999983	0.898035896256046
9.97999999999983	0.895535154620959
9.98999999999983	0.877685174183296
9.99999999999983	0.851609718994888
