# N mu
1.18	0.0227808076782788
1.19	0.114026700381304
1.2	0.266512721986028
1.21	0.413068538132895
1.22	0.513158829900322
1.23	0.571028181504096
1.24	0.601945099197262
1.25	0.618261858655433
1.26	0.627398378943865
1.27	0.633205400848526
1.28	0.637394939075873
1.29	0.640599719238841
1.3	0.64327024779253
1.31	0.645902178722095
1.32	0.64874135479081
1.33	0.651779994011738
1.34	0.654928941722745
1.35	0.658073594845667
1.36	0.661098476638087
1.37	0.663938441621006
1.38	0.666638597521589
1.39	0.669315890414083
1.4	0.672078045147425
1.41	0.674943101423276
1.42	0.677789346104205
1.43	0.680493306058195
1.44	0.683071638253476
1.45	0.685651920116214
1.46	0.688352194561579
1.47	0.691147306950728
1.48	0.693899311299766
1.49	0.696521059292182
1.5	0.699058047510156
1.51	0.701648869964001
1.52	0.704351215009611
1.53	0.707034220375181
1.54	0.709573063175398
1.55	0.712028425114217
1.56	0.71455538251777
1.57	0.717198353507678
1.58	0.719802271668671
1.59	0.722229935952466
1.6	0.724601233321447
1.61	0.727105351974314
1.62	0.729700227157533
1.63	0.732206805940321
1.64	0.734590728055238
1.65	0.737008704606303
1.66	0.739545102108327
1.67	0.742045019750077
1.68	0.744389007430948
1.69	0.746712265426346
1.7	0.74916266768429
1.71	0.751637229791336
1.72	0.753954875349524
1.73	0.756193672574901
1.74	0.758540381409036
1.75	0.760925030530707
1.76	0.763186129017024
1.77	0.765407523470189
1.78	0.767734406109404
1.79	0.770064950824313
1.8	0.772264117427836
1.81	0.774455643060748
1.82	0.776769858796603
1.83	0.77906748564971
1.84	0.781229482387908
1.85	0.783389823369906
1.86	0.785631325567833
1.87	0.787830330532126
1.88	0.789952959356268
1.89	0.79212029910155
1.9	0.794312571376132
1.91	0.796404826117
1.92	0.798474081508466
1.93	0.800646895702676
1.94	0.802809005973487
1.95	0.804862482849966
1.96	0.806907763803451
1.97	0.808953891689895
1.98	0.810924519798106
1.99	0.812903924708457
2	0.814944727993774
2.01	0.81692354495175
2.02	0.818862117670375
2.03	0.820877668894413
2.04	0.822880983124847
2.05	0.82488158674101
2.06	0.827108713340369
2.07	0.827108713340369
2.08	0.828854382836554
2.09	0.830643081754261
2.1	0.832501410205759
2.11	0.834409642131849
2.12	0.836270336781503
2.13	0.838128654384049
2.14	0.840024729344525
2.15	0.841869836588683
2.16	0.843690304528909
2.17	0.845555282943626
2.18	0.847375072999011
2.19	0.849156186515414
2.2	0.85098720681607
2.21	0.852778801267424
2.22	0.854521976518281
2.23	0.856317338429344
2.24	0.85807830160181
2.25	0.859777503567638
2.26	0.861512492302265
2.27	0.863219875550253
2.28	0.86487902838359
2.29	0.866567721165731
2.29999999999999	0.868233289890982
2.30999999999999	0.869863332585473
2.31999999999999	0.871509027314159
2.32999999999999	0.873132716601723
2.33999999999999	0.874736677273276
2.34999999999999	0.876338253010069
2.35999999999999	0.877917779572498
2.36999999999999	0.879497711036784
2.37999999999999	0.881053599065872
2.38999999999999	0.88258647652402
2.39999999999999	0.884144401255797
2.40999999999999	0.885653009343685
2.41999999999999	0.887136732221339
2.42999999999999	0.888674716315557
2.43999999999999	0.890134461127439
2.44999999999999	0.891542600718697
2.45999999999999	0.893067678883509
2.46999999999999	0.894643241348676
2.47999999999999	0.896172620228293
2.48999999999999	0.897640825252932
2.49999999999999	0.899074903926017
2.50999999999999	0.900526220134629
2.51999999999999	0.901939204277296
2.52999999999999	0.903328837705
2.53999999999999	0.9047925985777
2.54999999999999	0.906254783779166
2.55999999999999	0.90763508411596
2.56999999999999	0.908962470940617
2.57999999999999	0.910282014766872
2.58999999999999	0.911604799880411
2.59999999999999	0.912857805656085
2.60999999999999	0.914084035796833
2.61999999999999	0.915399874722413
2.62999999999999	0.916759268656034
2.63999999999999	0.91806973872728
2.64999999999999	0.91928262260833
2.65999999999999	0.920485057879598
2.66999999999999	0.921728559555122
2.67999999999999	0.922850249965073
2.68999999999999	0.923895099234051
2.69999999999999	0.925052383232882
2.70999999999999	0.926341922817684
2.71999999999999	0.92765906142712
2.72999999999999	0.928826879975582
2.73999999999999	0.929896343877554
2.74999999999999	0.931045688838725
2.75999999999999	0.932292479143068
2.76999999999998	0.933516695771523
2.77999999999998	0.934542612918703
2.78999999999998	0.935495107747983
2.79999999999998	0.936617533817405
2.80999999999998	0.937879754747054
2.81999999999998	0.939105067188608
2.82999999999998	0.940131143442908
2.83999999999998	0.941035353328517
2.84999999999998	0.94199273574683
2.85999999999998	0.94307488113935
2.86999999999998	0.944299993225278
2.87999999999998	0.945542635794129
2.88999999999998	0.946630743170781
2.89999999999998	0.947518675952885
2.90999999999998	0.948356882194087
2.91999999999998	0.949304639265374
2.92999999999998	0.950350435797007
2.93999999999998	0.951343130456044
2.94999999999998	0.952115660271768
2.95999999999998	0.952813403877373
2.96999999999998	0.953676250800032
2.97999999999998	0.954706674118009
2.98999999999998	0.955830437720738
2.99999999999998	0.956944921311364
3.00999999999998	0.957909441174803
3.01999999999998	0.958650785239638
3.02999999999998	0.95930933766613
3.03999999999998	0.960059587536049
3.04999999999998	0.960949067316058
3.05999999999998	0.961970202341481
3.06999999999998	0.963009597324254
3.07999999999998	0.963890578783417
3.08999999999998	0.964535953090337
3.09999999999998	0.965103308911758
3.10999999999998	0.965775853311533
3.11999999999998	0.966577643261594
3.12999999999998	0.96747534766097
3.13999999999998	0.968402062835236
3.14999999999998	0.969196191221802
3.15999999999998	0.96971488021213
3.16999999999998	0.970131649687296
3.17999999999998	0.970689666962831
3.18999999999998	0.971402203658928
3.19999999999998	0.972205735441653
3.20999999999998	0.973073770254518
3.21999999999998	0.974003643895832
3.22999999999998	0.974914554436715
3.23999999999997	0.975626906857359
3.24999999999997	0.976048547281568
3.25999999999997	0.976354488814931
3.26999999999997	0.976743803284203
3.27999999999997	0.977292271275592
3.28999999999997	0.978017970244979
3.29999999999997	0.978829854903864
3.30999999999997	0.979631479088666
3.31999999999997	0.980396478905846
3.32999999999997	0.980969272156195
3.33999999999997	0.981173237481794
3.34999999999997	0.98125727201638
3.35999999999997	0.981551737531379
3.36999999999997	0.982072296624772
3.37999999999997	0.982731519300274
3.38999999999997	0.983424844516188
3.39999999999997	0.984079620938369
3.40999999999997	0.984726966782906
3.41999999999997	0.985416150377583
3.42999999999997	0.986119888673503
3.43999999999997	0.986630191338033
3.44999999999997	0.98674766363261
3.45999999999997	0.986693848489465
3.46999999999997	0.986777567332769
3.47999999999997	0.987039265203354
3.48999999999997	0.98742245046133
3.49999999999997	0.987901513955064
3.50999999999997	0.988473373147071
3.51999999999997	0.989073351515382
3.52999999999997	0.989634646887174
3.53999999999997	0.990171206000328
3.54999999999997	0.990719049088257
3.55999999999997	0.991274082317636
3.56999999999997	0.991818514064741
3.57999999999997	0.99234383067918
3.58999999999997	0.992849502129281
3.59999999999997	0.993317263246695
3.60999999999997	0.993527020015489
3.61999999999997	0.99328680911861
3.62999999999997	0.992898209816975
3.63999999999997	0.992718633740067
3.64999999999997	0.992776519704178
3.65999999999997	0.992994549177479
3.66999999999997	0.993299154597438
3.67999999999997	0.993641379771762
3.68999999999997	0.993993920869445
3.69999999999997	0.994345280711999
3.70999999999996	0.994691244080146
3.71999999999996	0.995028200268527
3.72999999999996	0.995353512084545
3.73999999999996	0.995667804555095
3.74999999999996	0.995972442690827
3.75999999999996	0.996266267262663
3.76999999999996	0.996547682226386
3.77999999999996	0.996817745134027
3.78999999999996	0.997077998048582
3.79999999999996	0.997327351847132
3.80999999999996	0.997564238377732
3.81999999999996	0.997789727869402
3.82999999999996	0.998005369147962
3.83999999999996	0.998210075594455
3.84999999999996	0.998402280565251
3.85999999999996	0.998583056544461
3.86999999999996	0.998753954994217
3.87999999999996	0.998913890436091
3.88999999999996	0.999061297364902
3.89999999999996	0.9991972501861
3.90999999999996	0.999323302740761
3.91999999999996	0.999438370797691
3.92999999999996	0.999540890173412
3.93999999999996	0.999631937066901
3.94999999999996	0.999713067515873
3.95999999999996	0.999783198670133
3.96999999999996	0.999840767859846
3.97999999999996	0.999886852951846
3.98999999999996	0.999918567952988
3.99999999999996	0.999930387482303
4.00999999999996	0.999922232721887
4.01999999999996	0.999897981981077
4.02999999999996	0.999851342645619
4.03999999999996	0.999772504456723
4.04999999999996	0.999671669712414
4.05999999999996	0.999564299959393
4.06999999999996	0.999454320203526
4.07999999999996	0.99933865804228
4.08999999999996	0.999230145923633
4.09999999999996	0.99914500775578
4.10999999999996	0.999064012623146
4.11999999999996	0.998950785139745
4.12999999999996	0.998790389708466
4.13999999999996	0.998597070717761
4.14999999999996	0.998388707239435
4.15999999999996	0.998175652792065
4.16999999999996	0.997962832556195
4.17999999999996	0.997752380330262
4.18999999999996	0.997545175826126
4.19999999999995	0.997327152749303
4.20999999999995	0.997084035166955
4.21999999999995	0.996820688306837
4.22999999999995	0.996577160807856
4.23999999999995	0.996386915571857
4.24999999999995	0.996210552159449
4.25999999999995	0.996014507040542
4.26999999999995	0.995808348025241
4.27999999999995	0.995580352642383
4.28999999999995	0.995314371796141
4.29999999999995	0.99501513971923
4.30999999999995	0.994692345636376
4.31999999999995	0.99435128993378
4.32999999999995	0.99399422510845
4.33999999999995	0.993624210485358
4.34999999999995	0.993243757760986
4.35999999999995	0.992852232023182
4.36999999999995	0.99244828170997
4.37999999999995	0.99203307255866
4.38999999999995	0.991608204964549
4.39999999999995	0.991146152158121
4.40999999999995	0.990908054113606
4.41999999999995	0.991176510655733
4.42999999999995	0.991593839986739
4.43999999999995	0.991739898164368
4.44999999999995	0.991587246481842
4.45999999999995	0.991249489993851
4.46999999999995	0.990836026695706
4.47999999999995	0.990395364037222
4.48999999999995	0.989941549533062
4.49999999999995	0.989441487409978
4.50999999999995	0.988861400638295
4.51999999999995	0.988246999035634
4.52999999999995	0.987651827557078
4.53999999999995	0.987080066946687
4.54999999999995	0.986521944086153
4.55999999999995	0.985968284558538
4.56999999999995	0.985384809570641
4.57999999999995	0.985045865828278
4.58999999999995	0.985263282586152
4.59999999999995	0.985670154417316
4.60999999999995	0.985797063939089
4.61999999999995	0.985588475939138
4.62999999999995	0.985131802266235
4.63999999999995	0.984517775046112
4.64999999999995	0.983845166029102
4.65999999999995	0.983183554120266
4.66999999999994	0.982501117182235
4.67999999999994	0.981748688738413
4.68999999999994	0.980970738043935
4.69999999999994	0.980211674733762
4.70999999999994	0.979761031843232
4.71999999999994	0.979882191326475
4.72999999999994	0.980167456708251
4.73999999999994	0.980162635419761
4.74999999999994	0.979834411750517
4.75999999999994	0.979272753430431
4.76999999999994	0.978564093224088
4.77999999999994	0.9777637192638
4.78999999999994	0.97689926872011
4.79999999999994	0.976028497379934
4.80999999999994	0.975204173377494
4.81999999999994	0.974376713911831
4.82999999999994	0.973435607780623
4.83999999999994	0.972736127791523
4.84999999999994	0.972694763182032
4.85999999999994	0.972878261262025
4.86999999999994	0.972757986708265
4.87999999999994	0.972292329088748
4.88999999999994	0.97157829286871
4.89999999999994	0.970709340415893
4.90999999999994	0.969792235375419
4.91999999999994	0.968891092280538
4.92999999999994	0.968307210705911
4.93999999999994	0.96828801297197
4.94999999999994	0.968392031317777
4.95999999999994	0.968177603886468
4.96999999999994	0.96764212144572
4.97999999999994	0.966883771730549
4.98999999999994	0.965987410042434
4.99999999999994	0.965005158293653
5.00999999999994	0.963962346133307
5.01999999999994	0.962870173537019
5.02999999999994	0.961682006731423
5.03999999999994	0.96078991344229
5.04999999999994	0.960640715423824
5.05999999999994	0.960756133495284
5.06999999999994	0.960551214737214
5.07999999999994	0.95997849876293
5.08999999999994	0.959144389404457
5.09999999999994	0.958143054257625
5.10999999999994	0.957392938663566
5.11999999999994	0.957223465393263
5.12999999999994	0.957186821725786
5.13999999999993	0.956836737384743
5.14999999999993	0.956176376803245
5.15999999999993	0.955262777614308
5.16999999999993	0.95413752451808
5.17999999999993	0.95289737153018
5.18999999999993	0.951599818190529
5.19999999999993	0.950653457451505
5.20999999999993	0.950426210206205
5.21999999999993	0.950407847008669
5.22999999999993	0.950060961470522
5.23999999999993	0.949368385381784
5.24999999999993	0.948435238083231
5.25999999999993	0.9473545740675
5.26999999999993	0.946183879226682
5.27999999999993	0.944888422833004
5.28999999999993	0.943834635298859
5.29999999999993	0.943459735696681
5.30999999999993	0.94333029945482
5.31999999999993	0.942862104141912
5.32999999999993	0.941969967246285
5.33999999999993	0.940799525434632
5.34999999999993	0.939453067258142
5.35999999999993	0.938391184297055
5.36999999999993	0.938083692543325
5.37999999999993	0.938047572973837
5.38999999999993	0.937648007359805
5.39999999999993	0.936796203577757
5.40999999999993	0.935646884459478
5.41999999999993	0.934296512149933
5.42999999999993	0.933171707011308
5.43999999999993	0.932729119180156
5.44999999999993	0.93253568176505
5.45999999999993	0.93204463943655
5.46999999999993	0.931211246658108
5.47999999999993	0.93008509158634
5.48999999999993	0.928660924619674
5.49999999999993	0.927449904090935
5.50999999999993	0.926971428512326
5.51999999999993	0.926727369756112
5.52999999999993	0.926151822550041
5.53999999999993	0.925233580437442
5.54999999999993	0.924082293932324
5.55999999999993	0.922702284353591
5.56999999999993	0.921480020317362
5.57999999999993	0.920899407786826
5.58999999999993	0.920561739295526
5.59999999999993	0.919933404131298
5.60999999999992	0.918962007214828
5.61999999999992	0.918098421529066
5.62999999999992	0.917730323910586
5.63999999999992	0.917433616793956
5.64999999999992	0.916749516813525
5.65999999999992	0.915673529413666
5.66999999999992	0.914356466495381
5.67999999999992	0.912885016189034
5.68999999999992	0.911659325473877
5.69999999999992	0.911060837970377
5.70999999999992	0.910631456953221
5.71999999999992	0.909885652956794
5.72999999999992	0.908829487080394
5.73999999999992	0.907517525256466
5.74999999999992	0.905897838361466
5.75999999999992	0.904463688377596
5.76999999999992	0.903820788298429
5.77999999999992	0.903508544532255
5.78999999999992	0.902850811722322
5.79999999999992	0.901679704875796
5.80999999999992	0.900508668285118
5.81999999999992	0.899936585655228
5.82999999999992	0.89959051673011
5.83999999999992	0.898899182884311
5.84999999999992	0.89777060091174
5.85999999999992	0.896708863335798
5.86999999999992	0.896168141843467
5.87999999999992	0.895733540933753
5.88999999999992	0.894894023366224
5.89999999999992	0.893595150606974
5.90999999999992	0.892028265790589
5.91999999999992	0.890314774594552
5.92999999999992	0.888892125870083
5.93999999999992	0.888198748945601
5.94999999999992	0.887724098378273
5.95999999999992	0.886865392214786
5.96999999999992	0.88552894607528
5.97999999999992	0.884276867145269
5.98999999999992	0.883684686562716
5.99999999999992	0.883290591369268
6.00999999999992	0.882503267537781
6.01999999999992	0.881247186642088
6.02999999999992	0.880049820405442
6.03999999999992	0.879393639953253
6.04999999999992	0.87883552142419
6.05999999999992	0.877885135161107
6.06999999999992	0.876527326651689
6.07999999999991	0.875298946366354
6.08999999999991	0.874665827905966
6.09999999999991	0.874167591981252
6.10999999999991	0.873250066378392
6.11999999999991	0.871849293579389
6.12999999999991	0.870552758060419
6.13999999999991	0.869862147901019
6.14999999999991	0.869303700380385
6.15999999999991	0.868328574062473
6.16999999999991	0.866889828454942
6.17999999999991	0.865579113483762
6.18999999999991	0.86488000265025
6.19999999999991	0.864300529324198
6.20999999999991	0.863336655642703
6.21999999999991	0.861993595975653
6.22999999999991	0.860380625792383
6.23999999999991	0.858478099505938
6.24999999999991	0.85675163550669
6.25999999999991	0.855769983175367
6.26999999999991	0.855053891316892
6.27999999999991	0.85441542094889
6.28999999999991	0.854137831227471
6.29999999999991	0.853774364439159
6.30999999999991	0.852863163713073
6.31999999999991	0.85142148789357
6.32999999999991	0.850068560814576
6.33999999999991	0.849316235841747
6.34999999999991	0.84869668627647
6.35999999999991	0.847663157615534
6.36999999999991	0.846154042908426
6.37999999999991	0.844741821865771
6.38999999999991	0.843913607567295
6.39999999999991	0.843190605074699
6.40999999999991	0.842082520560734
6.41999999999991	0.84057383564193
6.42999999999991	0.839182626207904
6.43999999999991	0.838368032850739
6.44999999999991	0.837674180275726
6.45999999999991	0.836558739603671
6.46999999999991	0.834928795224028
6.47999999999991	0.833382435539938
6.48999999999991	0.832499884009996
6.49999999999991	0.831791077204238
6.50999999999991	0.830691085686872
6.51999999999991	0.829122385987108
6.52999999999991	0.827620435644877
6.53999999999991	0.826721227240443
6.5499999999999	0.82594708627075
6.5599999999999	0.824760757320262
6.5699999999999	0.823082758182862
6.5799999999999	0.821483276410361
6.5899999999999	0.820605889112731
6.5999999999999	0.819960513481692
6.6099999999999	0.819301072123266
6.6199999999999	0.818898279839164
6.6299999999999	0.818367238795839
6.6399999999999	0.81729917004589
6.6499999999999	0.815672329146455
6.6599999999999	0.814071204472954
6.6699999999999	0.813091222408053
6.6799999999999	0.812322636330088
6.6899999999999	0.811172486560272
6.6999999999999	0.809473263499881
6.7099999999999	0.807802598358441
6.7199999999999	0.806821417283073
6.7299999999999	0.80608674298614
6.7399999999999	0.80494139069477
6.7499999999999	0.80315647547283
6.7599999999999	0.801323912671304
6.7699999999999	0.800259581226538
6.7799999999999	0.799523035303397
6.7899999999999	0.798789540015054
6.7999999999999	0.798314934571831
6.8099999999999	0.797715384636558
6.8199999999999	0.796602207694596
6.8299999999999	0.794961636228644
6.8399999999999	0.793330061880527
6.8499999999999	0.792298579199013
6.8599999999999	0.791449619924971
6.8699999999999	0.790619077829153
6.8799999999999	0.790057532811498
6.8899999999999	0.789343201817231
6.8999999999999	0.788126466775768
6.9099999999999	0.786435461753978
6.9199999999999	0.784785733186339
6.9299999999999	0.783718525140239
6.9399999999999	0.782836060142413
6.9499999999999	0.781564418891201
6.9599999999999	0.779696584413195
6.9699999999999	0.777808800209202
6.9799999999999	0.776652682570598
6.9899999999999	0.775746806468485
6.9999999999999	0.774860243049012
7.0099999999999	0.77434898554015
7.01999999999989	0.77378653636656
7.02999999999989	0.772666513995167
7.03999999999989	0.770889045035182
7.04999999999989	0.769062776091276
7.05999999999989	0.767913009055194
7.06999999999989	0.766972556447205
7.07999999999989	0.766014167045984
7.08999999999989	0.765378920599291
7.09999999999989	0.764676733032514
7.10999999999989	0.763485687069669
7.11999999999989	0.761767958096104
7.12999999999989	0.760058392806139
7.13999999999989	0.758932649625637
7.14999999999989	0.757898107559293
7.15999999999989	0.756844219964085
7.16999999999989	0.756163490548657
7.17999999999989	0.755408271946151
7.18999999999989	0.754142234665841
7.19999999999989	0.752343128211946
7.20999999999989	0.750564662010868
7.21999999999989	0.749451508831156
7.22999999999989	0.748524061991034
7.23999999999989	0.747561300642898
7.24999999999989	0.746907490784834
7.25999999999989	0.746182333404906
7.26999999999989	0.744928239120553
7.27999999999989	0.743041486506486
7.28999999999989	0.741124519047953
7.29999999999989	0.739919060987508
7.30999999999989	0.738918863005607
7.31999999999989	0.737859204645211
7.32999999999989	0.737111039504539
7.33999999999989	0.736274110147249
7.34999999999989	0.735336941456638
7.35999999999989	0.734684860113528
7.36999999999989	0.73389373449807
7.37999999999989	0.732585375838093
7.38999999999989	0.730777149575314
7.39999999999989	0.729003450644661
7.40999999999989	0.727820975849044
7.41999999999989	0.726723012369218
7.42999999999989	0.725576228409066
7.43999999999989	0.724802654834686
7.44999999999989	0.724007485244999
7.45999999999989	0.723124194878527
7.46999999999989	0.722464176610202
7.47999999999989	0.721639635219505
7.48999999999988	0.720285798959592
7.49999999999988	0.718382613310526
7.50999999999988	0.716494572773826
7.51999999999988	0.71522073536392
7.52999999999988	0.714081652607336
7.53999999999988	0.712951885745112
7.54999999999988	0.712198432026406
7.55999999999988	0.711381486498539
7.56999999999988	0.710030026699582
7.57999999999988	0.708053592488523
7.58999999999988	0.706059784426849
7.59999999999988	0.704805388314045
7.60999999999988	0.703769527442685
7.61999999999988	0.702670229575497
7.62999999999988	0.701892941769488
7.63999999999988	0.701000852912272
7.64999999999988	0.699944452943616
7.65999999999988	0.69919342638067
7.66999999999988	0.698386428126533
7.67999999999988	0.697466879318777
7.68999999999988	0.696734328868149
7.69999999999988	0.695799830347743
7.70999999999988	0.669015307259672
7.71999999999988	0.591051885108717
7.72999999999988	0.521552783248616
7.73999999999988	0.50251780969658
7.74999999999988	0.478198123057917
7.75999999999988	0.457249431724966
7.76999999999988	0.469050970052807
7.77999999999988	0.461463709221882
7.78999999999988	0.448817103215114
7.79999999999988	0.489439371861621
7.80999999999988	0.558740994040174
7.81999999999988	0.588474914291061
7.82999999999988	0.546083082964384
7.83999999999988	0.495862512785211
7.84999999999988	0.485857793134883
7.85999999999988	0.465971343767809
7.86999999999988	0.447140568684454
7.87999999999988	0.459431666979728
7.88999999999988	0.45228564780323
7.89999999999988	0.439950137362803
7.90999999999988	0.455192676015569
7.91999999999988	0.449386475079688
7.92999999999988	0.437667118302869
7.93999999999988	0.453067829871407
7.94999999999987	0.447361677749644
7.95999999999987	0.435740764367923
7.96999999999987	0.45108937503179
7.97999999999987	0.445377199063118
7.98999999999987	0.409264904410559
7.99999999999987	0.351005891489746
8.00999999999987	0.279952641757317
8.01999999999987	0.251234397568334
8.02999999999987	0.244042828737538
8.03999999999987	0.219295338102541
8.04999999999987	0.220013022571955
8.05999999999987	0.228713516185228
8.06999999999987	0.211882115383175
8.07999999999987	0.21618526224725
8.08999999999987	0.250393881996873
8.09999999999987	0.306237446632036
8.10999999999987	0.374724231941534
8.11999999999987	0.401786661129406
8.12999999999987	0.407721496312483
8.13999999999987	0.430935121914347
8.14999999999987	0.429199041659401
8.15999999999987	0.395831742687087
8.16999999999987	0.340016998983079
8.17999999999987	0.27137369384516
8.18999999999987	0.24361713052031
8.19999999999987	0.236674456178322
8.20999999999987	0.212678580617053
8.21999999999987	0.213364821675417
8.22999999999987	0.22179255183413
8.23999999999987	0.205461361442649
8.24999999999987	0.209618338967944
8.25999999999987	0.219531184777759
8.26999999999987	0.203935867417448
8.27999999999987	0.2083403674017
8.28999999999987	0.218310448943456
8.29999999999987	0.202838869481052
8.30999999999987	0.207233198534488
8.31999999999987	0.217153983021383
8.32999999999987	0.201764982621987
8.33999999999987	0.206136001638534
8.34999999999987	0.216004123917357
8.35999999999987	0.200695162298266
8.36999999999987	0.205038863391066
8.37999999999987	0.237631845378836
8.38999999999987	0.267964604444036
8.39999999999987	0.264690444330042
8.40999999999987	0.206950896652118
8.41999999999986	0.128645363521513
8.42999999999986	0.0694650810941416
8.43999999999986	0.0342481412777899
8.44999999999986	0.0158577573397987
