# N mu
0	0.0183156388887342
0.01	0.0187582063260235
0.02	0.0191170939714751
0.03	0.0193735580234341
0.04	0.0199038993980477
0.05	0.0203762561041391
0.06	0.0208181965363179
0.07	0.0212642146757049
0.08	0.0217521163982182
0.09	0.0222948148371864
0.1	0.0222948148371864
0.11	0.0227122525855039
0.12	0.0232012468860743
0.13	0.0238472430199724
0.14	0.0246632629182196
0.15	0.0254939519308581
0.16	0.0261586377989827
0.17	0.026623132272735
0.18	0.0270015250185383
0.19	0.0274118573034263
0.2	0.0278863092923626
0.21	0.0284099047342517
0.22	0.028965053522655
0.23	0.0295386269559083
0.24	0.0301228244998727
0.25	0.0307241048664023
0.26	0.0313510592757266
0.27	0.0319972429328465
0.28	0.032653604129749
0.29	0.0333176361085897
0.3	0.0339896272362658
0.31	0.0346703867660708
0.32	0.0353633235718595
0.33	0.0360727419883174
0.34	0.0367993018275892
0.35	0.0375425102718907
0.36	0.038301836632399
0.37	0.0390758736658099
0.38	0.0398635505548208
0.39	0.0406642700224388
0.4	0.041481846866797
0.41	0.0423236101596275
0.42	0.0431912180247849
0.43	0.0440795978522077
0.44	0.0449838963083741
0.45	0.0458931340690527
0.46	0.0467977919397877
0.47	0.0477119182808025
0.48	0.0486523567109956
0.49	0.0496219714769433
0.5	0.0506185599360215
0.51	0.0516380084638905
0.52	0.0526768625948059
0.53	0.053732992190927
0.54	0.0548162552181969
0.55	0.0559371248477725
0.56	0.05708721484995
0.57	0.0582580164273159
0.58	0.0594494207688234
0.59	0.060661379598872
0.6	0.0618936024726782
0.61	0.0631456303565905
0.62	0.0644201755097926
0.63	0.0657227086051358
0.64	0.0670550149761255
0.65	0.0684164325717059
0.66	0.0698059482275552
0.67	0.0712275582773841
0.68	0.0726876113839747
0.69	0.0741802273437961
0.7	0.0757020046424402
0.71	0.077256626199065
0.72	0.0788392709901435
0.73	0.0804463382291934
0.74	0.0820755816317097
0.75	0.0837234944460882
0.76	0.0853968263934805
0.77	0.087104489043495
0.78	0.0888474876567903
0.79	0.0906257019380825
0.8	0.0924357914746989
0.810000000000001	0.0942737298667051
0.820000000000001	0.0961468088322072
0.830000000000001	0.0980637711923313
0.840000000000001	0.100028920508016
0.850000000000001	0.102042551702909
0.860000000000001	0.104099570627643
0.870000000000001	0.10619500158946
0.880000000000001	0.108344384978782
0.890000000000001	0.110569998013905
0.900000000000001	0.112855630708871
0.910000000000001	0.115175284346597
0.920000000000001	0.117522143423354
0.930000000000001	0.119901510662237
0.940000000000001	0.122328976669782
0.950000000000001	0.124816913630957
0.960000000000001	0.12737062196408
0.970000000000001	0.129984245650715
0.980000000000001	0.132640298217025
0.990000000000001	0.135323040778264
1	0.138026023788903
1.01	0.140749180128615
1.02	0.143493820784181
1.03	0.146260843502464
1.04	0.149050501892843
1.05	0.151862586315282
1.06	0.154696615411363
1.07	0.157551958819236
1.08	0.160427902784628
1.09	0.163323682009421
1.1	0.166238494232384
1.11	0.169171506690042
1.12	0.172121858972039
1.13	0.175088664346995
1.14	0.178082799821327
1.15	0.181142632652365
1.16	0.184310982329603
1.17	0.187596004504846
1.18	0.19095974277687
1.19	0.194327600492574
1.2	0.197626942129123
1.21	0.200841129047004
1.22	0.204000859069012
1.23	0.207126782075317
1.24	0.210253848578482
1.25	0.213467117114144
1.26	0.216843097651125
1.27	0.220380598874596
1.28	0.223968999438189
1.29	0.227477929737905
1.3	0.230886893942171
1.31	0.234223766959539
1.32	0.237520435978792
1.33	0.240897366749318
1.34	0.244466702818689
1.35	0.248178917584947
1.36	0.251874062492735
1.37	0.255430408205516
1.38	0.258875339807083
1.39	0.262342434493859
1.4	0.265964973338615
1.41	0.269763469515435
1.42	0.273572063394512
1.43	0.277221919425676
1.44	0.280734138833899
1.45	0.284283931558071
1.46	0.288036094106736
1.47	0.291955586289733
1.48	0.295846985210198
1.49	0.299585125794922
1.5	0.30323486780548
1.51	0.306998415904993
1.52	0.31096017621885
1.53	0.314924884105501
1.54	0.318705617503512
1.55	0.322393692663663
1.56	0.326224991714515
1.57	0.330267349212264
1.58	0.3342794720016
1.59	0.338047015290837
1.6	0.341759235645041
1.61	0.345715297154161
1.62	0.349846872708068
1.63	0.353865793136644
1.64	0.357717071281266
1.65	0.361657891984682
1.66	0.365826243144647
1.67	0.369962788021985
1.68	0.373868027509355
1.69	0.377770966366391
1.7	0.381922166545507
1.71	0.38614334170517
1.72	0.39012175109992
1.73	0.393994560924763
1.74	0.398087447284647
1.75	0.402274328789056
1.76	0.406268938126882
1.77	0.410223176175845
1.78	0.414397417755325
1.79	0.418604615585642
1.8	0.422598943262142
1.81	0.426609734984931
1.82	0.430876813920827
1.83	0.435138549934313
1.84	0.439173001077798
1.85	0.443234122048203
1.86	0.447476976447189
1.87	0.451663724383396
1.88	0.455730844543017
1.89	0.459913130385699
1.9	0.464169484229713
1.91	0.46825442315576
1.92	0.472321983599429
1.93	0.476622415592695
1.94	0.480925200410015
1.95	0.485035027286998
1.96	0.489155220289828
1.97	0.493300971646172
1.98	0.497315594038763
1.99	0.501373917881549
2	0.505582946578909
2.01	0.509684630812461
2.02	0.513727003215736
2.03	0.517955902019174
2.04	0.522180044220244
2.05	0.526421469010279
2.06	0.531169599634183
2.07	0.531169599634183
2.08	0.534915874629529
2.09	0.538773342116512
2.1	0.542803356126612
2.11	0.546962440634282
2.12	0.551037340891351
2.13	0.555129798243791
2.14	0.559327515033902
2.15	0.563431540508682
2.16	0.567502785339243
2.17	0.571695885950845
2.18	0.575805864523403
2.19	0.579849573936074
2.2	0.584028766425451
2.21	0.588135800244464
2.22	0.59215201988972
2.23	0.59631030039305
2.24	0.60040616574013
2.25	0.604377313248563
2.26	0.6084526937256
2.27	0.612480064910362
2.28	0.616411950304093
2.29	0.620433188567898
2.29999999999999	0.624415851990919
2.30999999999999	0.628331324270477
2.31999999999999	0.632302423836908
2.32999999999999	0.636236719506928
2.33999999999999	0.640140571560281
2.34999999999999	0.644055220932713
2.35999999999999	0.647932160606254
2.36999999999999	0.651827120904187
2.37999999999999	0.655677871036609
2.38999999999999	0.659487805535866
2.39999999999999	0.663376722577475
2.40999999999999	0.667155981657364
2.41999999999999	0.670889041649588
2.42999999999999	0.67477505558747
2.43999999999999	0.678475179238507
2.44999999999999	0.682059465043815
2.45999999999999	0.685958376586339
2.46999999999999	0.690000565347084
2.47999999999999	0.693938809046213
2.48999999999999	0.697733566328377
2.49999999999999	0.70145506114623
2.50999999999999	0.705236641606671
2.51999999999999	0.708930782065627
2.52999999999999	0.712578186350977
2.53999999999999	0.716435925241563
2.54999999999999	0.720302036435381
2.55999999999999	0.723963693544529
2.56999999999999	0.727497278370488
2.57999999999999	0.731023001640832
2.58999999999999	0.734569854907106
2.59999999999999	0.737939512494077
2.60999999999999	0.741249023212144
2.61999999999999	0.744813311736284
2.62999999999999	0.748506926250476
2.63999999999999	0.752078328617382
2.64999999999999	0.755393349488391
2.65999999999999	0.758692129611969
2.66999999999999	0.762114955685506
2.67999999999999	0.765209816314775
2.68999999999999	0.768101837448273
2.69999999999999	0.771315026976416
2.70999999999999	0.774906349207834
2.71999999999999	0.778585192637865
2.72999999999999	0.781854736469301
2.73999999999999	0.78485862647192
2.74999999999999	0.788097414710104
2.75999999999999	0.791621494346501
2.76999999999998	0.79509117437226
2.77999999999998	0.798005319590615
2.78999999999998	0.800720114373957
2.79999999999998	0.803929138952149
2.80999999999998	0.807547107680499
2.81999999999998	0.811067909827743
2.82999999999998	0.814022669719405
2.83999999999998	0.816634124842778
2.84999999999998	0.819406931367845
2.85999999999998	0.82255029410567
2.86999999999998	0.826119530021996
2.87999999999998	0.829748340570669
2.88999999999998	0.832932391393395
2.89999999999998	0.835536293026627
2.90999999999998	0.838002001177475
2.91999999999998	0.840797818256929
2.92999999999998	0.843890218311011
2.93999999999998	0.846831631675134
2.94999999999998	0.8491248885432
2.95999999999998	0.851201954447984
2.96999999999998	0.8537759206527
2.97999999999998	0.85685590157577
2.98999999999998	0.860222881467466
2.99999999999998	0.863569558689196
3.00999999999998	0.86647159228162
3.01999999999998	0.868706337238977
3.02999999999998	0.870696761231188
3.03999999999998	0.872969367683748
3.04999999999998	0.87566966917424
3.05999999999998	0.878776777151327
3.06999999999998	0.881945430690746
3.07999999999998	0.884635379870113
3.08999999999998	0.886609139288302
3.09999999999998	0.888348635939966
3.10999999999998	0.890414658200557
3.11999999999998	0.892882031716168
3.12999999999998	0.895649810812259
3.13999999999998	0.898512449956435
3.14999999999998	0.900969607639142
3.15999999999998	0.902577313655045
3.16999999999998	0.903872374525024
3.17999999999998	0.905607981999515
3.18999999999998	0.907826311275967
3.19999999999998	0.910331547446425
3.20999999999998	0.913043325513923
3.21999999999998	0.915954870136215
3.22999999999998	0.9188122304642
3.23999999999997	0.921049754469598
3.24999999999997	0.922376176414369
3.25999999999997	0.92334108643563
3.26999999999997	0.924570134749495
3.27999999999997	0.926303167077998
3.28999999999997	0.928598701315239
3.29999999999997	0.9311700781001
3.30999999999997	0.933713049369357
3.31999999999997	0.936144309572073
3.32999999999997	0.937968162090351
3.33999999999997	0.938621018982865
3.34999999999997	0.938893141691921
3.35999999999997	0.939834767502037
3.36999999999997	0.941497309617171
3.37999999999997	0.943604312100947
3.38999999999997	0.945822887052182
3.39999999999997	0.947921219000119
3.40999999999997	0.949999808365047
3.41999999999997	0.95221699652337
3.42999999999997	0.954484674272733
3.43999999999997	0.956131999401874
3.44999999999997	0.956514872796023
3.45999999999997	0.956345772449997
3.46999999999997	0.95661925565584
3.47999999999997	0.957466378645416
3.48999999999997	0.958705887466506
3.49999999999997	0.960256333683495
3.50999999999997	0.962108683965569
3.51999999999997	0.96405403213879
3.52999999999997	0.965876252681707
3.53999999999997	0.96762089856671
3.54999999999997	0.969405007643748
3.55999999999997	0.9712150786274
3.56999999999997	0.972993038978097
3.57999999999997	0.974710918230827
3.58999999999997	0.976366818131946
3.59999999999997	0.977900299296007
3.60999999999997	0.978590820642356
3.61999999999997	0.977810225445767
3.62999999999997	0.976543628463441
3.63999999999997	0.975958802070486
3.64999999999997	0.976149385541041
3.65999999999997	0.976863521868731
3.66999999999997	0.977861317909075
3.67999999999997	0.978982976246491
3.68999999999997	0.980139265756707
3.69999999999997	0.981292637817952
3.70999999999996	0.982429302932121
3.71999999999996	0.9835373376298
3.72999999999996	0.984607962045993
3.73999999999996	0.985643185071306
3.74999999999996	0.986647442420469
3.75999999999996	0.987616811982513
3.76999999999996	0.988545913365842
3.77999999999996	0.989438183329683
3.78999999999996	0.990298656850044
3.79999999999996	0.991123646254814
3.80999999999996	0.991907867028436
3.81999999999996	0.992654813482905
3.82999999999996	0.993369563273149
3.83999999999996	0.994048443936579
3.84999999999996	0.994686182561135
3.85999999999996	0.995286296299885
3.86999999999996	0.995853890911471
3.87999999999996	0.996385305965953
3.88999999999996	0.996875280699154
3.89999999999996	0.997327353247961
3.90999999999996	0.997746655449842
3.91999999999996	0.998129540479762
3.92999999999996	0.998470762014188
3.93999999999996	0.998773877930847
3.94999999999996	0.999044044294052
3.95999999999996	0.999277629494173
3.96999999999996	0.999469403909682
3.97999999999996	0.999622943866021
3.98999999999996	0.999728617357948
3.99999999999996	0.999767999174671
4.00999999999996	0.99974082426411
4.01999999999996	0.999660019977568
4.02999999999996	0.99953793069887
4.03999999999996	0.99937517743291
4.04999999999996	0.999168760701096
4.05999999999996	0.998923338629026
4.06999999999996	0.998596672934828
4.07999999999996	0.998137463011438
4.08999999999996	0.997652502004136
4.09999999999996	0.99727152332017
4.10999999999996	0.996942973822947
4.11999999999996	0.996568621552887
4.12999999999996	0.996120196046896
4.13999999999996	0.995607659964157
4.14999999999996	0.995046798547619
4.15999999999996	0.99444165125001
4.16999999999996	0.993791406345585
4.17999999999996	0.993101879887041
4.18999999999996	0.992379353917172
4.19999999999995	0.99160605683274
4.20999999999995	0.990762388409317
4.21999999999995	0.989879094541072
4.22999999999995	0.989094673653613
4.23999999999995	0.9884925128929
4.24999999999995	0.987914351800476
4.25999999999995	0.987223347428649
4.26999999999995	0.986433353199393
4.27999999999995	0.985553944439199
4.28999999999995	0.98458507262139
4.29999999999995	0.983546042340672
4.30999999999995	0.982456595177273
4.31999999999995	0.981322734420654
4.32999999999995	0.980144667878436
4.33999999999995	0.978928658159215
4.34999999999995	0.977681194829257
4.35999999999995	0.9763994121691
4.36999999999995	0.97507859085237
4.37999999999995	0.973722508402186
4.38999999999995	0.972336490620802
4.39999999999995	0.970830341132262
4.40999999999995	0.970052676294537
4.41999999999995	0.970923136808279
4.42999999999995	0.972276950123022
4.43999999999995	0.9727858966115
4.44999999999995	0.972401319682133
4.45999999999995	0.971441316553577
4.46999999999995	0.970198255773445
4.47999999999995	0.968824431357327
4.48999999999995	0.967379282213967
4.49999999999995	0.965762403839471
4.50999999999995	0.963866433128519
4.51999999999995	0.961853237530679
4.52999999999995	0.959909610325745
4.53999999999995	0.958051098790269
4.54999999999995	0.956244160025547
4.55999999999995	0.95445708200753
4.56999999999995	0.95257768390334
4.57999999999995	0.951452613904357
4.58999999999995	0.952050652813452
4.59999999999995	0.953235364271187
4.60999999999995	0.953550839844095
4.61999999999995	0.952824624152337
4.62999999999995	0.951328149186283
4.63999999999995	0.949343511214281
4.64999999999995	0.947180943708843
4.65999999999995	0.945059684830813
4.66999999999994	0.942877783659672
4.67999999999994	0.940478759004363
4.68999999999994	0.93800311554988
4.69999999999994	0.935590996739797
4.70999999999994	0.934157474102618
4.71999999999994	0.934535320004451
4.72999999999994	0.935431829101126
4.73999999999994	0.935408448183204
4.74999999999994	0.934361583887623
4.75999999999994	0.932578276385452
4.76999999999994	0.930333783132579
4.77999999999994	0.927804656205414
4.78999999999994	0.925079459258675
4.79999999999994	0.922339455844846
4.80999999999994	0.919749842904314
4.81999999999994	0.917157084003759
4.82999999999994	0.914216551510598
4.83999999999994	0.912029835104488
4.84999999999994	0.911891658167239
4.85999999999994	0.912453130300862
4.86999999999994	0.912069415451379
4.87999999999994	0.910613542077859
4.88999999999994	0.908389967453412
4.89999999999994	0.905691360755859
4.90999999999994	0.902848896298706
4.91999999999994	0.900060632395331
4.92999999999994	0.8982525006254
4.93999999999994	0.898184812414742
4.94999999999994	0.898496237926213
4.95999999999994	0.897827003434518
4.96999999999994	0.896171861690687
4.97999999999994	0.893835771489766
4.98999999999994	0.891081769730059
4.99999999999994	0.888071965471953
5.00999999999994	0.884885510363945
5.01999999999994	0.881558258696073
5.02999999999994	0.877949296726659
5.03999999999994	0.875238430217039
5.04999999999994	0.874774129669489
5.05999999999994	0.875110559342167
5.06999999999994	0.874480236504569
5.07999999999994	0.872742586427891
5.08999999999994	0.870222111976261
5.09999999999994	0.867205400146489
5.10999999999994	0.864945592559218
5.11999999999994	0.864427770796525
5.12999999999994	0.86430784280864
5.13999999999993	0.863249184734996
5.14999999999993	0.861264614996998
5.15999999999993	0.858529826450063
5.16999999999993	0.8551731663589
5.17999999999993	0.851485106038666
5.18999999999993	0.847638072808368
5.19999999999993	0.844832209123488
5.20999999999993	0.844148428660771
5.21999999999993	0.844081280896368
5.22999999999993	0.843047745999255
5.23999999999993	0.841000636704411
5.24999999999993	0.83825275624629
5.25999999999993	0.835080297218641
5.26999999999993	0.831654442124088
5.27999999999993	0.827875803586531
5.28999999999993	0.824801917514119
5.29999999999993	0.82369912431756
5.30999999999993	0.823311656764559
5.31999999999993	0.821948154149549
5.32999999999993	0.81936592037334
5.33999999999993	0.815989281328418
5.34999999999993	0.812116446984808
5.35999999999993	0.809061144401148
5.36999999999993	0.808165018947718
5.37999999999993	0.808047222809234
5.38999999999993	0.806894819734436
5.39999999999993	0.804458370058023
5.40999999999993	0.801183002824313
5.41999999999993	0.797346915905279
5.42999999999993	0.794151473025406
5.43999999999993	0.792884976978462
5.44999999999993	0.792326105148204
5.45999999999993	0.790932472563799
5.46999999999993	0.788580525049659
5.47999999999993	0.785416230333656
5.48999999999993	0.781430940837422
5.49999999999993	0.77804270694554
5.50999999999993	0.776694332402819
5.51999999999993	0.77600159183928
5.52999999999993	0.774392552118856
5.53999999999993	0.771839647192425
5.54999999999993	0.768650915326075
5.55999999999993	0.764842348049583
5.56999999999993	0.761469776919544
5.57999999999993	0.759860234733781
5.58999999999993	0.758923394393295
5.59999999999993	0.757197631108238
5.60999999999992	0.754541890923366
5.61999999999992	0.752180902321841
5.62999999999992	0.751167930615913
5.63999999999992	0.750351126736759
5.64999999999992	0.748487407986591
5.65999999999992	0.745569895323283
5.66999999999992	0.742011001672491
5.67999999999992	0.738048699328997
5.68999999999992	0.734749679276759
5.69999999999992	0.733132412152472
5.70999999999992	0.731973779573763
5.71999999999992	0.729977473205333
5.72999999999992	0.727162576079578
5.73999999999992	0.723681383651426
5.74999999999992	0.719403317631376
5.75999999999992	0.715616740202991
5.76999999999992	0.713908809586879
5.77999999999992	0.713074301973158
5.78999999999992	0.711343878837456
5.79999999999992	0.708282924260612
5.80999999999992	0.70522294239227
5.81999999999992	0.703720050744464
5.82999999999992	0.702808733313276
5.83999999999992	0.701009450573739
5.84999999999992	0.698088500548217
5.85999999999992	0.695341813009936
5.86999999999992	0.693936964478363
5.87999999999992	0.692808587527181
5.88999999999992	0.690648829677391
5.89999999999992	0.687324942255332
5.90999999999992	0.683330153542941
5.91999999999992	0.678978242889075
5.92999999999992	0.675366788772149
5.93999999999992	0.673598643181199
5.94999999999992	0.672390174493212
5.95999999999992	0.67022717081361
5.96999999999992	0.666879612515061
5.97999999999992	0.66374398843201
5.98999999999992	0.662252110010242
5.99999999999992	0.661257888731613
6.00999999999992	0.659294973404063
6.01999999999992	0.656181671138795
6.02999999999992	0.653215577884711
6.03999999999992	0.651584625137407
6.04999999999992	0.650201216255374
6.05999999999992	0.647863698595192
6.06999999999992	0.644540736171773
6.07999999999991	0.64153625496336
6.08999999999991	0.639981163640504
6.09999999999991	0.638758685516749
6.10999999999991	0.636529156646292
6.11999999999991	0.633144923751546
6.12999999999991	0.630014911084388
6.13999999999991	0.628341357485271
6.14999999999991	0.626989820122621
6.15999999999991	0.624651149696651
6.16999999999991	0.621220562884074
6.17999999999991	0.61809797442955
6.18999999999991	0.616426244046618
6.19999999999991	0.615042793844166
6.20999999999991	0.612760031761246
6.21999999999991	0.609596012837094
6.22999999999991	0.605814992003925
6.23999999999991	0.601379070978378
6.24999999999991	0.597358526999344
6.25999999999991	0.595067246808834
6.26999999999991	0.593402775100604
6.27999999999991	0.591921598584033
6.28999999999991	0.59127136950309
6.29999999999991	0.590426263909603
6.30999999999991	0.588331766267097
6.31999999999991	0.585036309951893
6.32999999999991	0.581946072574412
6.33999999999991	0.580221793717558
6.34999999999991	0.57880452391049
6.35999999999991	0.576461207863701
6.36999999999991	0.573060030216172
6.37999999999991	0.569880476745526
6.38999999999991	0.568011328508625
6.39999999999991	0.566385257118849
6.40999999999991	0.563911591248294
6.41999999999991	0.56056178644904
6.42999999999991	0.557475842689825
6.43999999999991	0.555664564312323
6.44999999999991	0.554127269656516
6.45999999999991	0.551677388902707
6.46999999999991	0.548119221426489
6.47999999999991	0.544746346495072
6.48999999999991	0.542815410227003
6.49999999999991	0.541269510378591
6.50999999999991	0.538891082525396
6.51999999999991	0.535519386197134
6.52999999999991	0.532293856872425
6.53999999999991	0.530358617563646
6.5499999999999	0.528701081974095
6.5599999999999	0.526181774029436
6.5699999999999	0.522638855086523
6.5799999999999	0.519263409449124
6.5899999999999	0.517404201241191
6.5999999999999	0.516040550531325
6.6099999999999	0.514650989576551
6.6199999999999	0.513799029474196
6.6299999999999	0.512685083307359
6.6399999999999	0.510464286907633
6.6499999999999	0.507100791840453
6.6599999999999	0.503793696211497
6.6699999999999	0.501765095750823
6.6799999999999	0.500179273498885
6.6899999999999	0.497828271144474
6.6999999999999	0.494378195744644
6.7099999999999	0.490989329747709
6.7199999999999	0.488993058876548
6.7299999999999	0.487502863783281
6.7399999999999	0.485204257590024
6.7499999999999	0.481648147505544
6.7599999999999	0.478000272268482
6.7699999999999	0.475874192543511
6.7799999999999	0.474406437076118
6.7899999999999	0.472948735591381
6.7999999999999	0.47200360377981
6.8099999999999	0.470820782694918
6.8199999999999	0.468641528732784
6.8299999999999	0.465446836410667
6.8399999999999	0.462272495766639
6.8499999999999	0.460262459181752
6.8599999999999	0.458616420333561
6.8699999999999	0.457009753720205
6.8799999999999	0.4559222374121
6.8899999999999	0.454548871961132
6.8999999999999	0.452224843612339
6.9099999999999	0.449012034283945
6.9199999999999	0.44588155430836
6.9299999999999	0.443854269604451
6.9399999999999	0.442186390422737
6.9499999999999	0.439805349159785
6.9599999999999	0.436332758708493
6.9699999999999	0.43282678805521
6.9799999999999	0.430674849897231
6.9899999999999	0.42899749424322
6.9999999999999	0.427359623864036
7.0099999999999	0.426410755349797
7.01999999999989	0.425374677990962
7.02999999999989	0.423332967006688
7.03999999999989	0.420114288854151
7.04999999999989	0.416810617570941
7.05999999999989	0.414726801867298
7.06999999999989	0.413031615687623
7.07999999999989	0.411308536645266
7.08999999999989	0.410164621773847
7.09999999999989	0.408909893991578
7.10999999999989	0.406798247519105
7.11999999999989	0.403770434963514
7.12999999999989	0.400760118900799
7.13999999999989	0.398776559204294
7.14999999999989	0.396967063122973
7.15999999999989	0.395127609991046
7.16999999999989	0.393937084962026
7.17999999999989	0.39262605092587
7.18999999999989	0.390445223722549
7.19999999999989	0.387364775101023
7.20999999999989	0.384322993803257
7.21999999999989	0.382415590699325
7.22999999999989	0.380835921937559
7.23999999999989	0.379200673053613
7.24999999999989	0.378088713308331
7.25999999999989	0.376865014483422
7.26999999999989	0.374767485730998
7.27999999999989	0.371632950316085
7.28999999999989	0.368451755733917
7.29999999999989	0.366447395104061
7.30999999999989	0.364794382849842
7.31999999999989	0.363048352440533
7.32999999999989	0.36181552012821
7.33999999999989	0.36044894898386
7.34999999999989	0.358920953871598
7.35999999999989	0.357855949913781
7.36999999999989	0.3565730880541
7.37999999999989	0.354466456952924
7.38999999999989	0.351572404801304
7.39999999999989	0.348737615872616
7.40999999999989	0.346847152725699
7.41999999999989	0.345105499906494
7.42999999999989	0.343291129535254
7.43999999999989	0.342065599844813
7.44999999999989	0.340814962046784
7.45999999999989	0.339428613956332
7.46999999999989	0.338392176200376
7.47999999999989	0.337106664509195
7.48999999999988	0.335011855134698
7.49999999999988	0.332086473736479
7.50999999999988	0.329189324918935
7.51999999999988	0.327234461641745
7.52999999999988	0.325499544289359
7.53999999999988	0.32378342992769
7.54999999999988	0.322637508369005
7.55999999999988	0.321404620477124
7.56999999999988	0.319383536385472
7.57999999999988	0.316449285422245
7.58999999999988	0.313493339276725
7.59999999999988	0.311630006134328
7.60999999999988	0.310101495663681
7.61999999999988	0.30848475077766
7.62999999999988	0.307341554452483
7.63999999999988	0.306042557080291
7.64999999999988	0.304507012913007
7.65999999999988	0.303413669235763
7.66999999999988	0.302247341684031
7.67999999999988	0.300920957383654
7.68999999999988	0.299865108490234
7.69999999999988	0.298528858201891
7.70999999999988	0.296437859804922
7.71999999999988	0.29357722368205
7.72999999999988	0.2907599064417
7.73999999999988	0.288949814370167
7.74999999999988	0.28745576173128
7.75999999999988	0.285903132359157
7.76999999999988	0.284776555400453
7.77999999999988	0.283531282728488
7.78999999999988	0.282121105064207
7.79999999999988	0.281092860277925
7.80999999999988	0.27994174929025
7.81999999999988	0.278101118283679
7.82999999999988	0.275450286868989
7.83999999999988	0.272719345611668
7.84999999999988	0.270870572739825
7.85999999999988	0.269282547423825
7.86999999999988	0.267651244106438
7.87999999999988	0.266519204200815
7.88999999999988	0.265288746187104
7.89999999999988	0.263854268224265
7.90999999999988	0.262796892961001
7.91999999999988	0.2615656106543
7.92999999999988	0.26014361534049
7.93999999999988	0.259117753602403
7.94999999999987	0.25799218739656
7.95999999999987	0.256707443115333
7.96999999999987	0.255674837081285
7.97999999999987	0.254422244062332
7.98999999999987	0.252528651989772
7.99999999999987	0.249977005036261
8.00999999999987	0.247468519260674
8.01999999999987	0.245790083761066
8.02999999999987	0.244272698333609
8.03999999999987	0.242667170251114
8.04999999999987	0.241529374289077
8.05999999999987	0.240326554608833
8.06999999999987	0.238955791543713
8.07999999999987	0.237941354749559
8.08999999999987	0.23677489477562
8.09999999999987	0.235436556255997
8.10999999999987	0.234461597239937
8.11999999999987	0.233386294248379
8.12999999999987	0.23214469719831
8.13999999999987	0.231138323796845
8.14999999999987	0.229963172987316
8.15999999999987	0.228220332917754
8.16999999999987	0.22584559602236
8.17999999999987	0.223445327576664
8.18999999999987	0.221807119212635
8.19999999999987	0.220373890534212
8.20999999999987	0.218857105192179
8.21999999999987	0.217769505681651
8.22999999999987	0.216661799371088
8.23999999999987	0.215388822945779
8.24999999999987	0.214433091327691
8.25999999999987	0.213344640829257
8.26999999999987	0.212046480780164
8.27999999999987	0.21104412211876
8.28999999999987	0.209929261424374
8.29999999999987	0.208633588760598
8.30999999999987	0.207619964904423
8.31999999999987	0.2065196298703
8.32999999999987	0.20529110620643
8.33999999999987	0.204322286397356
8.34999999999987	0.203232689864917
8.35999999999987	0.20201833159173
8.36999999999987	0.201043743085434
8.37999999999987	0.199944317042118
8.38999999999987	0.198317990660537
8.39999999999987	0.196064991326524
8.40999999999987	0.193807287017877
8.41999999999986	0.192300138371077
8.42999999999986	0.190970563142374
8.43999999999986	0.189573627380871
8.44999999999986	0.188602147834644
8.45999999999986	0.18756600881485
8.46999999999986	0.186332531702235
8.47999999999986	0.18542411504908
8.48999999999986	0.184417795254744
8.49999999999986	0.183216892294591
8.50999999999986	0.182314490461923
8.51999999999986	0.181314689743403
8.52999999999986	0.180134114110408
8.53999999999986	0.179198581917342
8.54999999999986	0.178105605408692
8.55999999999986	0.176859282558646
8.56999999999986	0.175936874226219
8.57999999999986	0.174920858142265
8.58999999999986	0.173757354997099
8.59999999999986	0.172873680787843
8.60999999999986	0.171883217356398
8.61999999999986	0.170749119261111
8.62999999999986	0.169872042364108
8.63999999999986	0.168890729075967
8.64999999999986	0.167775551823497
8.65999999999986	0.166870872816561
8.66999999999986	0.165812651950663
8.67999999999986	0.164642378172394
8.68999999999986	0.163750026532396
8.69999999999986	0.162761252471759
8.70999999999986	0.16166351296352
8.71999999999986	0.160805237860279
8.72999999999986	0.159841373025485
8.73999999999986	0.158770137286262
8.74999999999986	0.157893791107721
8.75999999999986	0.156866768278187
8.76999999999986	0.155747113219598
8.77999999999986	0.154880141207047
8.78999999999986	0.153916056253222
8.79999999999986	0.152863184321972
8.80999999999986	0.152030068196545
8.81999999999986	0.151093152363903
8.82999999999986	0.150065001668944
8.83999999999986	0.149213567962253
8.84999999999986	0.148219511282178
8.85999999999986	0.147148634448001
8.86999999999986	0.146308590391559
8.87999999999986	0.145375937378406
8.88999999999985	0.144366208764333
8.89999999999985	0.143533442334506
8.90999999999985	0.142560937544506
8.91999999999985	0.14151734731068
8.92999999999985	0.14069869811147
8.93999999999985	0.139787854402186
8.94999999999985	0.138482666684157
8.95999999999985	0.136727915353931
8.96999999999985	0.134985009195836
8.97999999999985	0.133817248485609
8.98999999999985	0.132774280954943
8.99999999999985	0.131642238723316
9.00999999999985	0.13080934947894
9.01999999999985	0.129898899782327
9.02999999999985	0.128806566456792
9.03999999999985	0.128310920638643
9.04999999999985	0.128388355282727
9.05999999999985	0.128210105537871
9.06999999999985	0.127694604008066
9.07999999999985	0.12714460666561
9.08999999999985	0.126357060939657
9.09999999999985	0.125443808521626
9.10999999999985	0.124706596836813
9.11999999999985	0.123878574334251
9.12999999999985	0.122973856664142
9.13999999999985	0.122223140217578
9.14999999999985	0.121356841068112
9.15999999999985	0.120421013515385
9.16999999999985	0.119662274694144
9.17999999999985	0.118795789409148
9.18999999999985	0.117861954517985
9.19999999999985	0.117133584714738
9.20999999999985	0.116334136285897
9.21999999999985	0.115458949598342
9.22999999999985	0.114741115655592
9.23999999999985	0.113916301830866
9.24999999999985	0.113014479675415
9.25999999999985	0.112288057965452
9.26999999999985	0.111462689291846
9.27999999999985	0.11056325338227
9.28999999999985	0.109868217414556
9.29999999999985	0.109111056579129
9.30999999999985	0.108269025863708
9.31999999999985	0.107582112097162
9.32999999999985	0.106799056028058
9.33999999999985	0.105931105350914
9.34999999999985	0.105237306265581
9.35999999999984	0.104456136630107
9.36999999999984	0.103590562053238
9.37999999999984	0.102907175844408
9.38999999999984	0.102136987597097
9.39999999999984	0.101279140832124
9.40999999999984	0.100628728294554
9.41999999999984	0.0999277429285941
9.42999999999984	0.0991272090144414
9.43999999999984	0.0984844970258863
9.44999999999984	0.0977583849406744
9.45999999999984	0.0969320578964639
9.46999999999984	0.0962818957408469
9.47999999999984	0.0955580457219937
9.48999999999984	0.0947340553207017
9.49999999999984	0.0940937615449168
9.50999999999984	0.093381275939973
9.51999999999984	0.0925649430397988
9.52999999999984	0.0919384592727752
9.53999999999984	0.091239982885241
9.54999999999984	0.0904316830233681
9.55999999999984	0.0898175460578144
9.56999999999984	0.0891317218689035
9.57999999999984	0.0883315347842316
9.58999999999984	0.0877496414376269
9.59999999999984	0.0871333725940763
9.60999999999984	0.0863827720839799
9.61999999999984	0.0859936074850821
9.62999999999984	0.0859587586307411
9.63999999999984	0.085733742734067
9.64999999999984	0.0852709838522866
9.65999999999984	0.0848124281979784
9.66999999999984	0.0842117423347536
9.67999999999984	0.0835024637865644
9.68999999999984	0.0829140060226641
9.69999999999984	0.0822672022381131
9.70999999999984	0.0815534094893046
9.71999999999984	0.0809790116584692
9.72999999999984	0.0803479355422697
9.73999999999984	0.0796445005461658
9.74999999999984	0.0790828208726722
9.75999999999984	0.0784539305710984
9.76999999999984	0.077729771746999
9.77999999999984	0.0771550511928031
9.78999999999984	0.0765412031275141
9.79999999999984	0.0758439416441056
9.80999999999984	0.0752976461864205
9.81999999999984	0.0747063763759262
9.82999999999983	0.0740229625504006
9.83999999999983	0.0734918613187146
9.84999999999983	0.0729146485469485
9.85999999999983	0.0722331353216301
9.86999999999983	0.0718704687533533
9.87999999999983	0.0718057892646822
9.88999999999983	0.0715630198549116
9.89999999999983	0.0711258418619564
9.90999999999983	0.0707165992789972
9.91999999999983	0.0701854504721007
9.92999999999983	0.0695644907614224
9.93999999999983	0.0690611110046547
9.94999999999983	0.0684920815185214
9.95999999999983	0.0678494238681535
9.96999999999983	0.0673405056540305
9.97999999999983	0.066646087366079
9.98999999999983	0.0654015006207787
9.99999999999983	0.0638703520146469
