# N mu
2.18	0.0227808076782788
2.19	0.114026700381304
2.2	0.266512721986028
2.21	0.413068538132895
2.22	0.513158829900322
2.23	0.571028181504096
2.24	0.601945099197262
2.25	0.618261858655433
2.26	0.627398378943865
2.27	0.633222592508269
2.28	0.637586555232016
2.29	0.641327761836398
2.29999999999999	0.644809549413883
2.30999999999999	0.64818462213439
2.31999999999999	0.65151552720042
2.32999999999999	0.654827304187305
2.33999999999999	0.658129735910525
2.34999999999999	0.661426511593721
2.35999999999999	0.664718923061094
2.36999999999999	0.668007330655162
2.37999999999999	0.671291736471698
2.38999999999999	0.674572005860076
2.39999999999999	0.677847952143379
2.40999999999999	0.681119368744766
2.41999999999999	0.684386041282468
2.42999999999999	0.687647752102681
2.43999999999999	0.690904281975717
2.44999999999999	0.694155410738198
2.45999999999999	0.6974009175429
2.46999999999999	0.700640580966529
2.47999999999999	0.703874179063253
2.48999999999999	0.70710148940085
2.49999999999999	0.710322289088361
2.50999999999999	0.713536354803077
2.51999999999999	0.716743462815098
2.52999999999999	0.719943389013428
2.53999999999999	0.723135908930434
2.54999999999999	0.726320797768114
2.55999999999999	0.729497830422829
2.56999999999999	0.732666781511877
2.57999999999999	0.73582742539852
2.58999999999999	0.738979536218873
2.59999999999999	0.742122887907225
2.60999999999999	0.74525725422321
2.61999999999999	0.748382408777419
2.62999999999999	0.751498125058839
2.63999999999999	0.754604176460732
2.64999999999999	0.757700336308328
2.65999999999999	0.760786377884951
2.66999999999999	0.763862074459957
2.67999999999999	0.766927199315082
2.68999999999999	0.769981525772605
2.69999999999999	0.773024827221913
2.70999999999999	0.776056877147861
2.71999999999999	0.779077449157529
2.72999999999999	0.782086317008777
2.73999999999999	0.785083254637171
2.74999999999999	0.788068036184705
2.75999999999999	0.791040436026887
2.76999999999998	0.794000228801603
2.77999999999998	0.796947189436351
2.78999999999998	0.799881093177222
2.79999999999998	0.802801715616262
2.80999999999998	0.805708832720559
2.81999999999998	0.808602220859703
2.82999999999998	0.811481656834964
2.83999999999998	0.814346917906833
2.84999999999998	0.817197781824268
2.85999999999998	0.820034026852298
2.86999999999998	0.82285543180131
2.87999999999998	0.825661776054705
2.88999999999998	0.828452839598206
2.89999999999998	0.831228403047536
2.90999999999998	0.833988247677736
2.91999999999998	0.836732155450842
2.92999999999998	0.839459909045186
2.93999999999998	0.842171291883062
2.94999999999998	0.844866088159987
2.95999999999998	0.847544082872326
2.96999999999998	0.850205061846502
2.97999999999998	0.852848811766558
2.98999999999998	0.855475120203288
2.99999999999998	0.858083775641727
3.00999999999998	0.860674567510173
3.01999999999998	0.863247286207584
3.02999999999998	0.865801723132474
3.03999999999998	0.868337670710194
3.04999999999998	0.870854922421685
3.05999999999998	0.873353272830617
3.06999999999998	0.875832517611976
3.07999999999998	0.878292453579046
3.08999999999998	0.880732878711808
3.09999999999998	0.883153592183743
3.10999999999998	0.885554394390017
3.11999999999998	0.887935086974091
3.12999999999998	0.890295472855672
3.13999999999998	0.8926353562571
3.14999999999998	0.894954542731054
3.15999999999998	0.897252839186692
3.16999999999998	0.899530053917085
3.17999999999998	0.9017859966251
3.18999999999998	0.904020478450536
3.19999999999998	0.906233311995723
3.20999999999998	0.908424311352351
3.21999999999998	0.910593292126764
3.22999999999998	0.912740071466449
3.23999999999997	0.914864468085013
3.24999999999997	0.916966302288318
3.25999999999997	0.91904539599911
3.26999999999997	0.921101572782784
3.27999999999997	0.92313465787165
3.28999999999997	0.925144478190299
3.29999999999997	0.927130862379493
3.30999999999997	0.929093640821113
3.31999999999997	0.931032645661647
3.32999999999997	0.932947710836705
3.33999999999997	0.934838672094091
3.34999999999997	0.936705367017856
3.35999999999997	0.938547635050939
3.36999999999997	0.940365317518744
3.37999999999997	0.942158257651326
3.38999999999997	0.943926300606473
3.39999999999997	0.945669293491422
3.40999999999997	0.94738708538543
3.41999999999997	0.949079527360994
3.42999999999997	0.950746472505896
3.43999999999997	0.952387775943919
3.44999999999997	0.954003294856339
3.45999999999997	0.955592888502116
3.46999999999997	0.957156418238827
3.47999999999997	0.958693747542312
3.48999999999997	0.960204742027024
3.49999999999997	0.961689269465121
3.50999999999997	0.963147199806216
3.51999999999997	0.964578405195899
3.52999999999997	0.965982759994869
3.53999999999997	0.967360140796868
3.54999999999997	0.968710426447189
3.55999999999997	0.970033498060002
3.56999999999997	0.971329239036218
3.57999999999997	0.972597535080197
3.58999999999997	0.973838274216957
3.59999999999997	0.975051346808247
3.60999999999997	0.976236645569082
3.61999999999997	0.977394065583176
3.62999999999997	0.978523504318789
3.63999999999997	0.979624861643497
3.64999999999997	0.980698039839346
3.65999999999997	0.98174294361695
3.66999999999997	0.982759480129934
3.67999999999997	0.983747558988349
3.68999999999997	0.984707092272389
3.69999999999997	0.985637994545118
3.70999999999996	0.986540182865451
3.71999999999996	0.987413576800174
3.72999999999996	0.988258098436182
3.73999999999996	0.989073672391786
3.74999999999996	0.989860225828191
3.75999999999996	0.990617688460086
3.76999999999996	0.991345992566353
3.77999999999996	0.992045072999927
3.78999999999996	0.992714867197724
3.79999999999996	0.99335531518977
3.80999999999996	0.993966359608345
3.81999999999996	0.994547945696358
3.82999999999996	0.995100021315704
3.83999999999996	0.995622536954888
3.84999999999996	0.996115445736581
3.85999999999996	0.996578703424481
3.86999999999996	0.997012268430071
3.87999999999996	0.997416101818708
3.88999999999996	0.997790167315574
3.89999999999996	0.998134431310993
3.90999999999996	0.998448862865569
3.91999999999996	0.998733433714724
3.92999999999996	0.998988118273018
3.93999999999996	0.99921289363791
3.94999999999996	0.99940773959325
3.95999999999996	0.999572638612261
3.96999999999996	0.999707575860208
3.97999999999996	0.999812539196586
3.98999999999996	0.999887519176969
3.99999999999996	0.999932509054409
4.00999999999996	0.999947504780453
4.01999999999996	0.999932505005756
4.02999999999996	0.999887511080268
4.03999999999996	0.999812527053056
4.04999999999996	0.999697568517717
4.05999999999996	0.999518225994523
4.06999999999996	0.999270081999613
4.07999999999996	0.998990900154197
4.08999999999996	0.998715682526291
4.09999999999996	0.998435616605871
4.10999999999996	0.998127191504887
4.11999999999996	0.997785560656892
4.12999999999996	0.997413400520321
4.13999999999996	0.997010816057717
4.14999999999996	0.996577961205188
4.15999999999996	0.996115066756573
4.16999999999996	0.995622329582208
4.17999999999996	0.995099889604958
4.18999999999996	0.994547844734378
4.19999999999995	0.993966269369809
4.20999999999995	0.993355227070798
4.21999999999995	0.992714777609952
4.22999999999995	0.992044980485546
4.23999999999995	0.991345896549199
4.24999999999995	0.990617588721651
4.25999999999995	0.989860122292538
4.26999999999995	0.989073565039444
4.27999999999995	0.98825798726973
4.28999999999995	0.987413461831177
4.29999999999995	0.98654006410904
4.30999999999995	0.985637872018311
4.31999999999995	0.984706965993045
4.32999999999995	0.983747428975197
4.33999999999995	0.982759346402142
4.34999999999995	0.981742806194413
4.35999999999995	0.980697898742329
4.36999999999995	0.979624716892973
4.37999999999995	0.978523355936078
4.38999999999995	0.977393913590302
4.39999999999995	0.976236489988396
4.40999999999995	0.975051187662805
4.41999999999995	0.973838111530124
4.42999999999995	0.972597368876042
4.43999999999995	0.971329069339098
4.44999999999995	0.970033324894979
4.45999999999995	0.968710249839595
4.46999999999995	0.967359960772736
4.47999999999995	0.965982576580484
4.48999999999995	0.964578218418245
4.49999999999995	0.963147009692511
4.50999999999995	0.961689076043275
4.51999999999995	0.960204545325164
4.52999999999995	0.958693547589255
4.53999999999995	0.957156215063586
4.54999999999995	0.95559268213439
4.55999999999995	0.954003085326002
4.56999999999995	0.952387563281529
4.57999999999995	0.950746256742166
4.58999999999995	0.949079308527314
4.59999999999995	0.947386863513327
4.60999999999995	0.945669068613094
4.61999999999995	0.943926072754232
4.62999999999995	0.942158026858153
4.63999999999995	0.940365083817714
4.64999999999995	0.938547398475787
4.65999999999995	0.936705127602391
4.66999999999994	0.934838429872777
4.67999999999994	0.932947465844058
4.68999999999994	0.931032397932832
4.69999999999994	0.929093390391326
4.70999999999994	0.927130609284571
4.71999999999994	0.925144222466089
4.72999999999994	0.923134399554634
4.73999999999994	0.921101311909432
4.74999999999994	0.919045132606519
4.75999999999994	0.916966036413551
4.76999999999994	0.914864199765754
4.77999999999994	0.912739800740327
4.78999999999994	0.910593019032016
4.79999999999994	0.908424035927143
4.80999999999994	0.906233034278818
4.81999999999994	0.904020198480603
4.82999999999994	0.9017857144414
4.83999999999994	0.899529769558762
4.84999999999994	0.897252552693471
4.85999999999994	0.894954254142524
4.86999999999994	0.89263506561342
4.87999999999994	0.890295180196844
4.88999999999994	0.887934792340679
4.89999999999994	0.885554097822405
4.90999999999994	0.883153293722866
4.91999999999994	0.880732578398402
4.92999999999994	0.878292151454387
4.93999999999994	0.875832213717121
4.94999999999994	0.873352967207151
4.95999999999994	0.870854615110954
4.96999999999994	0.868337361754061
4.97999999999994	0.865801412572542
4.98999999999994	0.863246974085962
4.99999999999994	0.860674253868692
5.00999999999994	0.858083460522709
5.01999999999994	0.855474803648758
5.02999999999994	0.852848493819023
5.03999999999994	0.85020474254815
5.04999999999994	0.847543762265816
5.05999999999994	0.844865766287637
5.06999999999994	0.842170968787652
5.07999999999994	0.839459584769137
5.08999999999994	0.836731830037019
5.09999999999994	0.833987921168632
5.10999999999994	0.831228075486074
5.11999999999994	0.828452511026915
5.12999999999994	0.825661446516535
5.13999999999993	0.822855101338799
5.14999999999993	0.82003369550839
5.15999999999993	0.81719744964148
5.16999999999993	0.814346584928072
5.17999999999993	0.811481323102693
5.18999999999993	0.808601886416766
5.19999999999993	0.805708497609334
5.20999999999993	0.802801379879496
5.21999999999993	0.799880756857181
5.22999999999993	0.796946852575655
5.23999999999993	0.793999891442377
5.24999999999993	0.791040098211594
5.25999999999993	0.788067697955297
5.26999999999993	0.785082916035928
5.27999999999993	0.782085978077449
5.28999999999993	0.779077109938183
5.29999999999993	0.776056537682018
5.30999999999993	0.773024487551397
5.31999999999993	0.769981185938681
5.32999999999993	0.766926859359301
5.33999999999993	0.7638617344233
5.34999999999993	0.760786037808673
5.35999999999993	0.757699996233097
5.36999999999993	0.754603836427477
5.37999999999993	0.75149778510789
5.38999999999993	0.748382068949352
5.39999999999993	0.745256914557991
5.40999999999993	0.742122548445053
5.41999999999993	0.738979196999323
5.42999999999993	0.735827086461386
5.43999999999993	0.732666442896318
5.44999999999993	0.729497492168214
5.45999999999993	0.72632045991316
5.46999999999993	0.723135571514056
5.47999999999993	0.719943052073886
5.48999999999993	0.716743126390838
5.49999999999993	0.713536018931898
5.50999999999993	0.710321953808286
5.51999999999993	0.707101154749381
5.52999999999993	0.703873845078494
5.53999999999993	0.700640247687137
5.54999999999993	0.697400585011147
5.55999999999993	0.694155079005319
5.56999999999993	0.690903951119887
5.57999999999993	0.687647422275541
5.58999999999993	0.684385712840281
5.59999999999993	0.681119042604826
5.60999999999992	0.677847630759859
5.61999999999992	0.674571695871837
5.62999999999992	0.671291455860645
5.63999999999992	0.668007127975821
5.64999999999992	0.664718928774622
5.65999999999992	0.661427074098686
5.66999999999992	0.658131779052521
5.67999999999992	0.654833257980614
5.68999999999992	0.651531724446354
5.69999999999992	0.648227391209598
5.70999999999992	0.644920470206045
5.71999999999992	0.641611172525267
5.72999999999992	0.638299708390543
5.73999999999992	0.634986287137366
5.74999999999992	0.631671117193751
5.75999999999992	0.628354406059226
5.76999999999992	0.625036360285617
5.77999999999992	0.599059742326094
5.78999999999992	0.505232567010182
5.79999999999992	0.35147628873849
5.80999999999992	0.205252830932359
5.81999999999992	0.106806385316202
5.82999999999992	0.0514064153290637
5.83999999999992	0.0234062435915281
5.84999999999992	0.0102265638639218
