# N mu
2.26	0.010150669961259
2.27	0.01069572600868
2.28	0.0112666720039798
2.29	0.0118645385974799
2.29999999999999	0.0124903864686689
2.30999999999999	0.0131453065711025
2.31999999999999	0.013830420431816
2.32999999999999	0.0145468803291047
2.33999999999999	0.0152958695251185
2.34999999999999	0.0160786023677569
2.35999999999999	0.0168963244476215
2.36999999999999	0.017750312615064
2.37999999999999	0.0186418750524362
2.38999999999999	0.0195723511971358
2.39999999999999	0.0205431117198987
2.40999999999999	0.0215555583445571
2.41999999999999	0.022611123722995
2.42999999999999	0.023711271142281
2.43999999999999	0.0248574942868631
2.44999999999999	0.0260513168237764
2.45999999999999	0.0272942920427003
2.46999999999999	0.0285880023100744
2.47999999999999	0.0299340585777876
2.48999999999999	0.0313340996972742
2.49999999999999	0.032789791787857
2.50999999999999	0.0343028274022498
2.51999999999999	0.0358749247459422
2.52999999999999	0.0375078266860084
2.53999999999999	0.0392032998134105
2.54999999999999	0.040963133287614
2.55999999999999	0.042789137734302
2.56999999999999	0.0446831439190306
2.57999999999999	0.0466470014735945
2.58999999999999	0.0486825773928247
2.59999999999999	0.0507917545837326
2.60999999999999	0.0529764301805591
2.61999999999999	0.0552385139118469
2.62999999999999	0.0575799262300025
2.63999999999999	0.0600025964926081
2.64999999999999	0.0625084609040464
2.65999999999999	0.0650994605086688
2.66999999999999	0.0677775389434602
2.67999999999999	0.0705446402421181
2.68999999999999	0.073402706399298
2.69999999999999	0.076353674986231
2.70999999999999	0.0793994765287809
2.71999999999999	0.0825420319369233
2.72999999999999	0.0857832497006604
2.73999999999999	0.0891250231374981
2.74999999999999	0.0925692274121852
2.75999999999999	0.0961177166082489
2.76999999999998	0.0997723205795433
2.77999999999998	0.103534841853918
2.78999999999998	0.107407052326668
2.79999999999998	0.111390690006501
2.80999999999998	0.115487455563144
2.81999999999998	0.119699008927937
2.82999999999998	0.124026965710078
2.83999999999998	0.128472893666348
2.84999999999998	0.133038309002722
2.85999999999998	0.13772467272996
2.86999999999998	0.142533386869548
2.87999999999998	0.147465790714107
2.88999999999998	0.152523156958852
2.89999999999998	0.157706687887951
2.90999999999998	0.163017511454878
2.91999999999998	0.168456677417976
2.92999999999998	0.174025153395182
2.93999999999998	0.179723820974104
2.94999999999998	0.185553471768586
2.95999999999998	0.191514803530549
2.96999999999998	0.197608416237729
2.97999999999998	0.203834808236325
2.98999999999998	0.21019437239095
2.99999999999998	0.216687392288756
3.00999999999998	0.223314038484139
3.01999999999998	0.230074364796446
3.02999999999998	0.236968304683257
3.03999999999998	0.243995667664989
3.04999999999998	0.251156135861596
3.05999999999998	0.258449260578336
3.06999999999998	0.265874459041506
3.07999999999998	0.273431011180275
3.08999999999998	0.281118056597527
3.09999999999998	0.288934591583045
3.10999999999998	0.296879466355631
3.11999999999998	0.304951382342969
3.12999999999998	0.313148889730971
3.13999999999998	0.321470385045325
3.14999999999998	0.329914109043422
3.15999999999998	0.338478144631925
3.16999999999998	0.34716041513566
3.17999999999998	0.355958682584475
3.18999999999998	0.364870546392128
3.19999999999998	0.373893442044273
3.20999999999998	0.383024640218596
3.21999999999998	0.392261245903958
3.22999999999998	0.40160019799087
3.23999999999997	0.411038268849592
3.24999999999997	0.4205720644175
3.25999999999997	0.43019802426134
3.26999999999997	0.439912422185099
3.27999999999997	0.449711366798634
3.28999999999997	0.459590802666345
3.29999999999997	0.469546511401081
3.30999999999997	0.479574113370232
3.31999999999997	0.489669069330145
3.32999999999997	0.499826682702257
3.33999999999997	0.510042101759272
3.34999999999997	0.520310322479648
3.35999999999997	0.530626191292515
3.36999999999997	0.54098440851428
3.37999999999997	0.551379531654733
3.38999999999997	0.561805979434735
3.39999999999997	0.572258035651238
3.40999999999997	0.582729853770039
3.41999999999997	0.593215461342551
3.42999999999997	0.603708765162466
3.43999999999997	0.614203556222123
3.44999999999997	0.624693515416709
3.45999999999997	0.635172219022977
3.46999999999997	0.645633144929384
3.47999999999997	0.65606967861482
3.48999999999997	0.666475119877847
3.49999999999997	0.676842689288057
3.50999999999997	0.687165535382432
3.51999999999997	0.69743674155699
3.52999999999997	0.707649333693286
3.53999999999997	0.71779628745321
3.54999999999997	0.727870536293827
3.55999999999997	0.73786497912362
3.56999999999997	0.747772488659321
3.57999999999997	0.757585919397559
3.58999999999997	0.767298116263098
3.59999999999997	0.776901922845885
3.60999999999997	0.786390190286221
3.61999999999997	0.79575578572359
3.62999999999997	0.804991601360853
3.63999999999997	0.81409056306806
3.64999999999997	0.823045639564764
3.65999999999997	0.831849851119316
3.66999999999997	0.840496278785939
3.67999999999997	0.848978073137805
3.68999999999997	0.857288463493596
3.69999999999997	0.86542076662103
3.70999999999996	0.873368395886302
3.71999999999996	0.88112486986367
3.72999999999996	0.888683821340455
3.73999999999996	0.896039005767848
3.74999999999996	0.903184310054063
3.75999999999996	0.910113760791702
3.76999999999996	0.916821532772217
3.77999999999996	0.923301956925957
3.78999999999996	0.929549528492341
3.79999999999996	0.935558914610137
3.80999999999996	0.941324962079592
3.81999999999996	0.946842704542584
3.82999999999996	0.952107369775457
3.83999999999996	0.957114386401341
3.84999999999996	0.961859390655605
3.85999999999996	0.966338232575895
3.86999999999996	0.97054698218582
3.87999999999996	0.974481935112126
3.88999999999996	0.978139618136523
3.89999999999996	0.981516794193748
3.90999999999996	0.98461046724626
3.91999999999996	0.98741788662182
3.92999999999996	0.989936551171055
3.93999999999996	0.992164212908461
3.94999999999996	0.994098880418571
3.95999999999996	0.995738821769954
3.96999999999996	0.997082567141781
3.97999999999996	0.998128910986419
3.98999999999996	0.998876913854565
3.99999999999996	0.999325903788269
4.00999999999996	0.999475477329438
4.01999999999996	0.999325500131593
4.02999999999996	0.998876107143287
4.03999999999996	0.9981277024335
4.04999999999996	0.997080958548392
4.05999999999996	0.995736815551863
4.06999999999996	0.994096479560948
4.07999999999996	0.99216142100969
4.08999999999996	0.989889760040021
4.09999999999996	0.987218135492743
4.10999999999996	0.984185517686228
4.11999999999996	0.980755047435316
4.12999999999996	0.97671376582703
4.13999999999996	0.972101330145162
4.14999999999996	0.967243658307599
4.15999999999996	0.962327419197237
4.16999999999996	0.957336140921576
4.17999999999996	0.952204525746552
4.18999999999996	0.946881067130021
4.19999999999995	0.941336859664274
4.20999999999995	0.935559250396459
4.21999999999995	0.929544870049717
4.22999999999995	0.923295105013583
4.23999999999995	0.916813654360818
4.24999999999995	0.910105336255497
4.25999999999995	0.903175538079603
4.26999999999995	0.896029972025093
4.27999999999995	0.888674566744875
4.28999999999995	0.881115418130588
4.29999999999995	0.873358764031725
4.30999999999995	0.865410969349622
4.31999999999995	0.857278514537387
4.32999999999995	0.848967986086285
4.33999999999995	0.840486067043093
4.34999999999995	0.831839528217058
4.35999999999995	0.823035218915476
4.36999999999995	0.814080058209883
4.37999999999995	0.804981025677726
4.38999999999995	0.79574515268537
4.39999999999995	0.786379513161724
4.40999999999995	0.776891214945597
4.41999999999995	0.767287390650038
4.42999999999995	0.757575189132654
4.43999999999995	0.747761766512051
4.44999999999995	0.737854277819088
4.45999999999995	0.727859868224717
4.46999999999995	0.717785664927466
4.47999999999995	0.707638768648812
4.48999999999995	0.697426245808841
4.49999999999995	0.687155120341621
4.50999999999995	0.676832366207196
4.51999999999995	0.666464899575352
4.52999999999995	0.656059571717958
4.53999999999995	0.645623161605097
4.54999999999995	0.635162369217341
4.55999999999995	0.624683808593504
4.56999999999995	0.614194001597747
4.57999999999995	0.603699371453295
4.58999999999995	0.593206236994402
4.59999999999995	0.582720806715267
4.60999999999995	0.572249173531897
4.61999999999995	0.561797309370254
4.62999999999995	0.55137106045798
4.63999999999995	0.540976142470578
4.64999999999995	0.530618136367858
4.65999999999995	0.520302484111706
4.66999999999994	0.510034485057093
4.67999999999994	0.4998192922498
4.68999999999994	0.489661909376862
4.69999999999994	0.479567187647566
4.70999999999994	0.469539823303399
4.71999999999994	0.459584355080733
4.72999999999994	0.449705162275712
4.73999999999994	0.439906462782357
4.74999999999994	0.430192311703436
4.75999999999994	0.420566599953276
4.76999999999994	0.411033053401533
4.77999999999994	0.40159523202585
4.78999999999994	0.392256529571598
4.79999999999994	0.383020173235705
4.80999999999994	0.373889223821922
4.81999999999994	0.364866575933659
4.82999999999994	0.355954958601173
4.83999999999994	0.347156935958126
4.84999999999994	0.338474908314307
4.85999999999994	0.329911113287868
4.86999999999994	0.321467627294784
4.87999999999994	0.313146367106397
4.88999999999994	0.304949091724764
4.89999999999994	0.29687740433319
4.90999999999994	0.288932754524989
4.91999999999994	0.281116440613129
4.92999999999994	0.273429612178671
4.93999999999994	0.265873272704506
4.94999999999994	0.258448282408861
4.95999999999994	0.251155361167319
4.96999999999994	0.243995091596296
4.97999999999994	0.23696792222715
4.98999999999994	0.230074170804358
4.99999999999994	0.223314027675487
5.00999999999994	0.216687559269008
5.01999999999994	0.210194711664186
5.02999999999994	0.203835314213971
5.03999999999994	0.197609083259497
5.04999999999994	0.191515625864277
5.05999999999994	0.185554443638903
5.06999999999994	0.179724936553855
5.07999999999994	0.174026406841162
5.08999999999994	0.168458062854436
5.09999999999994	0.163019023015676
5.10999999999994	0.157708319692651
5.11999999999994	0.152524903160648
5.12999999999994	0.147467645469046
5.13999999999993	0.142535344389582
5.14999999999993	0.137726727245838
5.15999999999993	0.133040454821546
5.16999999999993	0.128475125128679
5.17999999999993	0.124029277251389
5.18999999999993	0.119701395030478
5.19999999999993	0.115489910820716
5.20999999999993	0.111393209071615
5.21999999999993	0.107409629978083
5.22999999999993	0.103537472939632
5.23999999999993	0.0997750000865607
5.24999999999993	0.0961204396019368
5.25999999999993	0.0925719891077617
5.26999999999993	0.0891278188362654
5.27999999999993	0.0857860748627443
5.28999999999993	0.0825448821148836
5.29999999999993	0.0794023474411561
5.30999999999993	0.0763565624490088
5.31999999999993	0.0734056063998535
5.32999999999993	0.0705475488690068
5.33999999999993	0.0677804524603694
5.34999999999993	0.0651023752829746
5.35999999999993	0.0625113734804291
5.36999999999993	0.0600055035207916
5.37999999999993	0.0575828245377172
5.38999999999993	0.0552414004321445
5.39999999999993	0.0529793020238375
5.40999999999993	0.0507946089649947
5.41999999999993	0.0486854117025099
5.42999999999993	0.046649813205123
5.43999999999993	0.0446859307382167
5.44999999999993	0.0427918974074989
5.45999999999993	0.0409658637495115
5.46999999999993	0.0392059990960689
5.47999999999993	0.0375104929848719
5.48999999999993	0.0358775563500212
5.49999999999993	0.0343054227582078
5.50999999999993	0.0327923494315758
5.51999999999993	0.0313366183158949
5.52999999999993	0.029936536942867
5.53999999999993	0.0285904393374842
5.54999999999993	0.0272966867275567
5.55999999999993	0.0260536682981238
5.56999999999993	0.0248598017565335
5.57999999999993	0.0237135339423086
5.58999999999993	0.0226133412565378
5.59999999999993	0.021557730136007
5.60999999999992	0.0205452373559748
5.61999999999992	0.0195744303776712
5.62999999999992	0.0186439075337311
5.63999999999992	0.0177522982583448
5.64999999999992	0.016898263164721
5.65999999999992	0.0160804941672563
5.66999999999992	0.0152977144604014
5.67999999999992	0.0145486785422041
5.68999999999992	0.0138321721038717
5.69999999999992	0.013147011963945
5.70999999999992	0.0124920458776906
5.71999999999992	0.0118661523909923
5.72999999999992	0.0112682405784788
5.73999999999992	0.0106972498259814
5.74999999999992	0.0101521495060158
