# N mu
0.970000000000001	0.0101603526594283
0.980000000000001	0.0104723061092364
0.990000000000001	0.0107927584502624
1	0.0111219046986608
1.01	0.0114599431822825
1.02	0.0118070755585521
1.03	0.0121635068364636
1.04	0.0125294453921942
1.05	0.0129051029889172
1.06	0.013290694789971
1.07	0.0136864393763095
1.08	0.0140925587570429
1.09	0.0145092783843391
1.1	0.01493682716115
1.11	0.0153754374533758
1.12	0.0158253450945843
1.13	0.0162867893952468
1.14	0.0167600131442573
1.15	0.0172452626150443
1.16	0.0177427875636939
1.17	0.0182528412317402
1.18	0.018775680340694
1.19	0.0193115650913126
1.2	0.0198607591543344
1.21	0.0204235296660273
1.22	0.021000147214929
1.23	0.0215908858334725
1.24	0.0221960229805311
1.25	0.0228158395289194
1.26	0.0234506197435431
1.27	0.0241006512645732
1.28	0.0247662250810028
1.29	0.0254476355092936
1.3	0.0261451801621417
1.31	0.0268591599223991
1.32	0.0275898789068541
1.33	0.0283376444352304
1.34	0.0291027669887922
1.35	0.0298855601742277
1.36	0.0306863406768921
1.37	0.0315054282193873
1.38	0.0323431455092604
1.39	0.0331998181920967
1.4	0.0340757747934977
1.41	0.0349713466665088
1.42	0.0358868679277094
1.43	0.0368226753988035
1.44	0.0377791085366606
1.45	0.0387565093689061
1.46	0.039755222417761
1.47	0.0407755946294768
1.48	0.0418179752918319
1.49	0.0428827159572654
1.5	0.0439701703538987
1.51	0.0450806943022332
1.52	0.046214645619577
1.53	0.0473723840301838
1.54	0.0485542710629766
1.55	0.0497606699550175
1.56	0.0509919455424349
1.57	0.0522484641571265
1.58	0.0535305935108114
1.59	0.0548387025848835
1.6	0.0561731615075258
1.61	0.0575343414366463
1.62	0.0589226144300082
1.63	0.0603383533211982
1.64	0.0617819315827429
1.65	0.0632537231950773
1.66	0.0647541025026371
1.67	0.0662834440758119
1.68	0.0678421225600236
1.69	0.0694305125306692
1.7	0.0710489883352153
1.71	0.0726979239411549
1.72	0.07437769277117
1.73	0.0760886675441487
1.74	0.0778312201034896
1.75	0.0796057212512475
1.76	0.0814125405696761
1.77	0.0832520462485941
1.78	0.085124604900287
1.79	0.0870305813802073
1.8	0.0889703385953819
1.81	0.0909442373185852
1.82	0.0929526359904224
1.83	0.09499589052714
1.84	0.0970743541165813
1.85	0.0991883770198234
1.86	0.101338306361228
1.87	0.103524485924123
1.88	0.105747255935193
1.89	0.108006952854451
1.9	0.11030390915425
1.91	0.112638453103804
1.92	0.115010908543131
1.93	0.117421594662422
1.94	0.119870825771243
1.95	0.122358911073076
1.96	0.124886154430142
1.97	0.127452854133464
1.98	0.130059302663701
1.99	0.132705786457107
2	0.135392585662795
2.01	0.138119973905001
2.02	0.140888218037212
2.03	0.143697577901179
2.04	0.146584315467579
2.05	0.149664569429423
2.06	0.153057476453085
2.07	0.153057476453085
2.08	0.155683513268922
2.09	0.158522550809771
2.1	0.161498120393061
2.11	0.164563281068087
2.12	0.167693210395109
2.13	0.170875951551632
2.14	0.174106131188248
2.15	0.17738148708739
2.16	0.18070114710035
2.17	0.184064832780852
2.18	0.187472508030773
2.19	0.190924229380842
2.2	0.194420083824011
2.21	0.197960163466037
2.22	0.20154455528282
2.23	0.205173336950546
2.24	0.208846575081143
2.25	0.212564324395586
2.26	0.21632662726135
2.27	0.220133513369361
2.28	0.223984999465546
2.29	0.227881089104497
2.29999999999999	0.231821772412499
2.30999999999999	0.23580702585684
2.31999999999999	0.239836812017815
2.32999999999999	0.243911079365756
2.33999999999999	0.248029762039555
2.34999999999999	0.252192779630987
2.35999999999999	0.256400036970058
2.36999999999999	0.260651423917238
2.37999999999999	0.264946815156328
2.38999999999999	0.269286069995357
2.39999999999999	0.273669032167718
2.40999999999999	0.2780955296425
2.41999999999999	0.282565374434647
2.42999999999999	0.28707836242551
2.43999999999999	0.291634273182779
2.44999999999999	0.296232869792028
2.45999999999999	0.300873898687177
2.46999999999999	0.30555708949379
2.47999999999999	0.310282154870821
2.48999999999999	0.315048790366421
2.49999999999999	0.319856674271704
2.50999999999999	0.324705467489816
2.51999999999999	0.329594813402445
2.52999999999999	0.334524337752879
2.53999999999999	0.339493648525981
2.54999999999999	0.344502335845958
2.55999999999999	0.349549971870482
2.56999999999999	0.354636110703871
2.57999999999999	0.359760288306043
2.58999999999999	0.364922022421774
2.59999999999999	0.37012081250514
2.60999999999999	0.375356139665501
2.61999999999999	0.380627466608062
2.62999999999999	0.385934237597204
2.63999999999999	0.391275878413764
2.64999999999999	0.396651796336297
2.65999999999999	0.402061380115655
2.66999999999999	0.407503999974732
2.67999999999999	0.412979007600876
2.68999999999999	0.41848573616464
2.69999999999999	0.424023500330523
2.70999999999999	0.429591596295212
2.71999999999999	0.435189301817115
2.72999999999999	0.440815876274527
2.73999999999999	0.446470560714375
2.74999999999999	0.452152577930708
2.75999999999999	0.457861132533028
2.76999999999998	0.463595411045446
2.77999999999998	0.469354581994939
2.78999999999998	0.475137796031466
2.79999999999998	0.480944186036426
2.80999999999998	0.486772867263988
2.81999999999998	0.492622937469986
2.82999999999998	0.498493477074643
2.83999999999998	0.504383549312093
2.84999999999998	0.510292200414634
2.85999999999998	0.516218459782994
2.86999999999998	0.522161340192204
2.87999999999998	0.528119837982675
2.88999999999998	0.534092933287702
2.89999999999998	0.540079590245377
2.90999999999998	0.546078757247675
2.91999999999998	0.552089367173153
2.92999999999998	0.558110337657528
2.93999999999998	0.56414057134705
2.94999999999998	0.570178956190402
2.95999999999998	0.576224365712579
2.96999999999998	0.582275659327886
2.97999999999998	0.588331682634096
2.98999999999998	0.594391267746246
2.99999999999998	0.600453233610779
3.00999999999998	0.60651638635979
3.01999999999998	0.612579519644792
3.02999999999998	0.618641415010981
3.03999999999998	0.624700842250218
3.04999999999998	0.630756559794827
3.05999999999998	0.636807315089298
3.06999999999998	0.642851845003074
3.07999999999998	0.648888876220436
3.08999999999998	0.654917125671647
3.09999999999998	0.660935300940424
3.10999999999998	0.666942100712758
3.11999999999998	0.672936215201298
3.12999999999998	0.67891632661111
3.13999999999998	0.684881109580243
3.14999999999998	0.69082923166162
3.15999999999998	0.696759353779001
3.16999999999998	0.702670130724142
3.17999999999998	0.708560211627306
3.18999999999998	0.714428240468772
3.19999999999998	0.720272856562988
3.20999999999998	0.726092695083455
3.21999999999998	0.731886387559569
3.22999999999998	0.737652562413834
3.23999999999997	0.743389845470403
3.24999999999997	0.749096860503527
3.25999999999997	0.754772229756732
3.26999999999997	0.760414574501386
3.27999999999997	0.766022515565397
3.28999999999997	0.771594673900717
3.29999999999997	0.777129671120423
3.30999999999997	0.782626130073929
3.31999999999997	0.788082675391263
3.32999999999997	0.793497934064723
3.33999999999997	0.798870535999125
3.34999999999997	0.804199114598608
3.35999999999997	0.809482307321587
3.36999999999997	0.814718756271377
3.37999999999997	0.819907108754565
3.38999999999997	0.825046017874085
3.39999999999997	0.830134143089695
3.40999999999997	0.835170150812122
3.41999999999997	0.840152714964297
3.42999999999997	0.845080517575163
3.43999999999997	0.849952249340315
3.44999999999997	0.854766610214044
3.45999999999997	0.859522309968013
3.46999999999997	0.864218068780095
3.47999999999997	0.868852617789697
3.48999999999997	0.873424699681961
3.49999999999997	0.877933069238347
3.50999999999997	0.882376493914737
3.51999999999997	0.886753754385886
3.52999999999997	0.891063645115996
3.53999999999997	0.895304974895646
3.54999999999997	0.899476567403381
3.55999999999997	0.90357726173375
3.56999999999997	0.907605912948487
3.57999999999997	0.911561392594273
3.58999999999997	0.915442589242105
3.59999999999997	0.919248408993433
3.60999999999997	0.922977776006311
3.61999999999997	0.926629632988584
3.62999999999997	0.930202941709457
3.63999999999997	0.933696683478413
3.64999999999997	0.937109859640868
3.65999999999997	0.940441492041548
3.66999999999997	0.943690623502912
3.67999999999997	0.946856318271751
3.68999999999997	0.949937662479115
3.69999999999997	0.952933764568925
3.70999999999996	0.955843755738177
3.71999999999996	0.958666790346412
3.72999999999996	0.961402046335011
3.73999999999996	0.964048725616412
3.74999999999996	0.966606054471367
3.75999999999996	0.969073283916841
3.76999999999996	0.971449690080163
3.77999999999996	0.973734574544586
3.78999999999996	0.975927264699325
3.79999999999996	0.978027114061826
3.80999999999996	0.980033502602732
3.81999999999996	0.981945837043975
3.82999999999996	0.983763551157781
3.83999999999996	0.985486106039761
3.84999999999996	0.987112990381127
3.85999999999996	0.98864372071603
3.86999999999996	0.990077841666239
3.87999999999996	0.991414926162028
3.88999999999996	0.992654575658659
3.89999999999996	0.993796420330189
3.90999999999996	0.994840119257157
3.91999999999996	0.99578536059278
3.92999999999996	0.996631861721315
3.93999999999996	0.997379369396184
3.94999999999996	0.998027659868571
3.95999999999996	0.998576538997084
3.96999999999996	0.999025842346234
3.97999999999996	0.999375435267327
3.98999999999996	0.999625212966548
3.99999999999996	0.999775100556855
4.00999999999996	0.999825053095487
4.01999999999996	0.999775055606705
4.02999999999996	0.999625123088618
4.03999999999996	0.999375300506716
4.04999999999996	0.999025662769992
4.05999999999996	0.998576314695283
4.06999999999996	0.998027390952751
4.07999999999996	0.997379056001139
4.08999999999996	0.9966167822278
4.09999999999996	0.995718718099772
4.10999999999996	0.994697427676897
4.11999999999996	0.993539405635747
4.12999999999996	0.992171258675332
4.13999999999996	0.99060542214976
4.14999999999996	0.988951746890252
4.15999999999996	0.987272941375369
4.16999999999996	0.985562682060231
4.17999999999996	0.983797966805438
4.18999999999996	0.981960387687506
4.19999999999995	0.980039141840504
4.20999999999995	0.978028890309151
4.21999999999995	0.975927401063353
4.22999999999995	0.97373401716745
4.23999999999995	0.97144883119398
4.24999999999995	0.969072282872616
4.25999999999995	0.96660497507577
4.26999999999995	0.964047593259123
4.27999999999995	0.961400871205731
4.28999999999995	0.958665576717847
4.29999999999995	0.955842505603006
4.30999999999995	0.952932479065647
4.31999999999995	0.949936342425107
4.32999999999995	0.946854964380478
4.33999999999995	0.943689236450569
4.34999999999995	0.940440072507151
4.35999999999995	0.937108408305134
4.36999999999995	0.933695201039157
4.37999999999995	0.930201428870518
4.38999999999995	0.926628090472253
4.39999999999995	0.922976204540442
4.40999999999995	0.919246809323883
4.41999999999995	0.915440962119182
4.42999999999995	0.911559738785569
4.43999999999995	0.90760423322483
4.44999999999995	0.903575556882472
4.45999999999995	0.899474838213817
4.46999999999995	0.895303222172819
4.47999999999995	0.891061869665698
4.48999999999995	0.886751957028752
4.49999999999995	0.882374675470933
4.50999999999995	0.877931230542015
4.51999999999995	0.873422841565542
4.52999999999995	0.868850741098715
4.53999999999995	0.864216174357153
4.54999999999995	0.85952039866789
4.55999999999995	0.854764682887381
4.56999999999995	0.849950306849007
4.57999999999995	0.845078560775773
4.58999999999995	0.840150744723706
4.59999999999995	0.8351681679907
4.60999999999995	0.830132148557186
4.61999999999995	0.825044012492567
4.62999999999995	0.819905093394542
4.63999999999995	0.814716731794558
4.64999999999995	0.809480274597153
4.65999999999995	0.804197074485844
4.66999999999994	0.798868489363842
4.67999999999994	0.793495881761762
4.68999999999994	0.788080618281047
4.69999999999994	0.782624069004876
4.70999999999994	0.777127606945594
4.71999999999994	0.771592607460169
4.72999999999994	0.766020447702905
4.73999999999994	0.760412506046762
4.74999999999994	0.75477016154259
4.75999999999994	0.749094793347601
4.76999999999994	0.743387780192332
4.77999999999994	0.737650499817506
4.78999999999994	0.731884328449896
4.79999999999994	0.726090640248772
4.80999999999994	0.720270806791796
4.81999999999994	0.714426196532217
4.82999999999994	0.708558174295867
4.83999999999994	0.702668100750216
4.84999999999994	0.696757331913505
4.85999999999994	0.690827218636717
4.86999999999994	0.684879106125834
4.87999999999994	0.67891433343772
4.88999999999994	0.672934233016437
4.89999999999994	0.666940130203995
4.90999999999994	0.660933342791588
4.91999999999994	0.654915180546117
4.92999999999994	0.648886944777163
4.93999999999994	0.642849927880102
4.94999999999994	0.636805412919589
4.95999999999994	0.630754673190039
4.96999999999994	0.624698971816309
4.97999999999994	0.618639561332261
4.98999999999994	0.61257768329929
4.99999999999994	0.606514567903605
5.00999999999994	0.600451433593183
5.01999999999994	0.594389486694354
5.02999999999994	0.588329921067693
5.03999999999994	0.582273917744429
5.04999999999994	0.576222644601727
5.05999999999994	0.570177256019376
5.06999999999994	0.564138892574845
5.07999999999994	0.558108680720641
5.08999999999994	0.552087732499473
5.09999999999994	0.546077145242592
5.10999999999994	0.540078001305323
5.11999999999994	0.534091367786662
5.12999999999994	0.528118296285372
5.13999999999993	0.52215982264102
5.14999999999993	0.516216966710784
5.15999999999993	0.510290732132065
5.16999999999993	0.504382106120083
5.17999999999993	0.498492059252129
5.18999999999993	0.492621545285966
5.19999999999993	0.48677150096574
5.20999999999993	0.480942845861141
5.21999999999993	0.475136482194914
5.22999999999993	0.469353294702699
5.23999999999993	0.463594150482022
5.24999999999993	0.457859898872661
5.25999999999993	0.452151371326959
5.26999999999993	0.446469381310503
5.27999999999993	0.440814724193544
5.28999999999993	0.435188177171733
5.29999999999993	0.429590499178369
5.30999999999993	0.42402243082489
5.31999999999993	0.418484694333625
5.32999999999993	0.412977993497685
5.33999999999993	0.407503013633854
5.34999999999993	0.402060421561474
5.35999999999993	0.396650865575058
5.36999999999993	0.391274975441737
5.37999999999993	0.385933362393125
5.38999999999993	0.380626619140851
5.39999999999993	0.375355319887176
5.40999999999993	0.370120020358091
5.41999999999993	0.364921257832146
5.42999999999993	0.359759551190564
5.43999999999993	0.354635400963707
5.44999999999993	0.349549289397615
5.45999999999993	0.344501680517511
5.46999999999993	0.339493020210151
5.47999999999993	0.33452373630372
5.48999999999993	0.329594238665364
5.49999999999993	0.324704919296815
5.50999999999993	0.319856152446429
5.51999999999993	0.315048294719861
5.52999999999993	0.310281685205925
5.53999999999993	0.305556645601606
5.54999999999993	0.30087348035104
5.55999999999993	0.296232476784138
5.56999999999993	0.291633905267966
5.57999999999993	0.287078019358238
5.58999999999993	0.282565055962366
5.59999999999993	0.278095235503065
5.60999999999992	0.273668762092333
5.61999999999992	0.269285823706408
5.62999999999992	0.264946592369921
5.63999999999992	0.260651224341433
5.64999999999992	0.256399860307014
5.65999999999992	0.252192625575586
5.66999999999992	0.248029630281161
5.67999999999992	0.243910969587216
5.68999999999992	0.239836723896838
5.69999999999992	0.235806959065352
5.70999999999992	0.231821726617619
5.71999999999992	0.227881063968143
5.72999999999992	0.22398499464477
5.73999999999992	0.220133528515507
5.74999999999992	0.216326662017886
5.75999999999992	0.212564378391727
5.76999999999992	0.208846647913435
5.77999999999992	0.205173428133958
5.78999999999992	0.201544664117295
5.79999999999992	0.197960288682907
5.80999999999992	0.19442022264773
5.81999999999992	0.190924375072313
5.82999999999992	0.187472643505641
5.83999999999992	0.18406491423429
5.84999999999992	0.180701062529382
5.85999999999992	0.177380952898067
5.86999999999992	0.174104439331944
5.87999999999992	0.1708713655602
5.88999999999992	0.167681565298862
5.89999999999992	0.164534862504928
5.90999999999992	0.161431071625837
5.91999999999992	0.158369997853961
5.92999999999992	0.155351437375688
5.93999999999992	0.152375177625672
5.94999999999992	0.149440997534954
5.95999999999992	0.146548667784382
5.96999999999992	0.143697951051218
5.97999999999992	0.140888602261167
5.98999999999992	0.138120368832947
5.99999999999992	0.13539299092839
6.00999999999992	0.132706201694474
6.01999999999992	0.13005972751098
6.02999999999992	0.127453288229527
6.03999999999992	0.124886597418289
6.04999999999992	0.122359362597583
6.05999999999992	0.119871285481207
6.06999999999992	0.117422062208144
6.07999999999991	0.115011383580093
6.08999999999991	0.112638935288913
6.09999999999991	0.110304398149926
6.10999999999991	0.10800744832474
6.11999999999991	0.105747757549963
6.12999999999991	0.103524993355055
6.13999999999991	0.101338819286107
6.14999999999991	0.0991888951184168
6.15999999999991	0.0970748770750181
6.16999999999991	0.0949964180336894
6.17999999999991	0.0929531677399428
6.18999999999991	0.0909447730082178
6.19999999999991	0.088970877929062
6.20999999999991	0.0870311240642798
6.21999999999991	0.0851251506480707
6.22999999999991	0.0832525947759295
6.23999999999991	0.0814130915995336
6.24999999999991	0.0796062745092166
6.25999999999991	0.0778317753224225
6.26999999999991	0.0760892244595998
6.27999999999991	0.0743782511260656
6.28999999999991	0.0726984834811936
6.29999999999991	0.0710495488135543
6.30999999999991	0.0694310737032944
6.31999999999991	0.067842684190445
6.32999999999991	0.0662840059304115
6.33999999999991	0.0647546643553658
6.34999999999991	0.0632542848227885
6.35999999999991	0.0617824927698836
6.36999999999991	0.0603389138551369
6.37999999999991	0.0589231741057124
6.38999999999991	0.0575349000520121
6.39999999999991	0.0561737188680353
6.40999999999991	0.0548392584989438
6.41999999999991	0.0535311477943855
6.42999999999991	0.0522490166290875
6.43999999999991	0.0509924960291655
6.44999999999991	0.0497612182857858
6.45999999999991	0.0485548170744982
6.46999999999991	0.0473729275620258
6.47999999999991	0.046215186518677
6.48999999999991	0.0450812324183377
6.49999999999991	0.0439707055440338
6.50999999999991	0.0428832480812155
6.51999999999991	0.0418185042165571
6.52999999999991	0.0407761202246369
6.53999999999991	0.0397557445600762
6.5499999999999	0.0387570279377304
6.5599999999999	0.0377796234182822
6.5699999999999	0.036823186482072
6.5799999999999	0.035887375108272
6.5899999999999	0.034971849842496
6.5999999999999	0.0340762738696918
6.6099999999999	0.03320031307568
6.6199999999999	0.0323436361139127
6.6299999999999	0.0315059144611002
6.6399999999999	0.0306868224779931
6.6499999999999	0.0298860374592639
6.6599999999999	0.0291032396884781
6.6699999999999	0.028338112482404
6.6799999999999	0.0275903422403469
6.6899999999999	0.0268596184830669
6.6999999999999	0.0261456338966547
6.7099999999999	0.0254480843662443
6.7199999999999	0.0247666690146151
6.7299999999999	0.0241010902308892
6.7399999999999	0.0234510537040492
6.7499999999999	0.0228162684468152
6.7599999999999	0.0221964468242708
6.7699999999999	0.0215913045731164
6.7799999999999	0.0210005608256007
6.7899999999999	0.0204239381243489
6.7999999999999	0.019861162441798
6.8099999999999	0.0193119631908014
6.8199999999999	0.0187760732397672
6.8299999999999	0.0182532289192403
6.8399999999999	0.0177431700329454
6.8499999999999	0.0172456398605479
6.8599999999999	0.0167603851648019
6.8699999999999	0.0162871561906911
6.8799999999999	0.0158257066688823
6.8899999999999	0.0153757938114462
6.8999999999999	0.0149371783118154
6.9099999999999	0.014509624337283
6.9199999999999	0.0140928995256632
6.9299999999999	0.0136867749747632
6.9399999999999	0.0132910252359419
6.9499999999999	0.0129054283007484
6.9599999999999	0.0125297655915712
6.9699999999999	0.0121638219456333
6.9799999999999	0.0118073856029224
6.9899999999999	0.0114602481877279
6.9999999999999	0.0111222046940381
7.0099999999999	0.0107930534648029
7.01999999999989	0.0104725961749795
7.02999999999989	0.010160637808698
