# N mu
0.14	0.0100472260417466
0.15	0.0102868070506344
0.16	0.0103768655877449
0.17	0.0116016419994619
0.18	0.0132858630595318
0.19	0.0146198379871416
0.2	0.0157224672173881
0.21	0.016608942150571
0.22	0.0175560866246777
0.23	0.0189588099926462
0.24	0.0207683293505545
0.25	0.0228137263761328
0.26	0.0246745189877942
0.27	0.0259345943370263
0.28	0.027129147139295
0.29	0.0290102803387604
0.3	0.0314310579379936
0.31	0.033971213529088
0.32	0.0365103449046127
0.33	0.0390639047375586
0.34	0.0416731431177873
0.35	0.0443709481117958
0.36	0.0471782964003854
0.37	0.0501080127185189
0.38	0.0531684456168484
0.39	0.0563657568173991
0.4	0.0597051225783241
0.41	0.0631913059221459
0.42	0.0668289108538396
0.43	0.0706224877890057
0.44	0.074576572691468
0.45	0.0786956975297133
0.46	0.082984388423309
0.47	0.0874471583641167
0.48	0.0920884973282667
0.49	0.0969128609022483
0.5	0.101924657859626
0.51	0.107128236852522
0.52	0.112527872276942
0.53	0.118127749332531
0.54	0.123931948285078
0.55	0.129944427938275
0.56	0.136169008323584
0.57	0.142609352621446
0.58	0.149268948332304
0.59	0.156151087721966
0.6	0.163258847572342
0.61	0.170595068275662
0.62	0.178162332317816
0.63	0.185962942204447
0.64	0.193998897891914
0.65	0.202271873794068
0.66	0.210783195445086
0.67	0.219533815908205
0.68	0.228524292030106
0.69	0.237754760650848
0.7	0.247224914889605
0.71	0.256933980636839
0.72	0.266880693393985
0.73	0.277063275612055
0.74	0.287479414690634
0.75	0.298126241808571
0.76	0.309000311766887
0.77	0.320097584033166
0.78	0.331413405184519
0.79	0.342942492953186
0.8	0.354678922084635
0.810000000000001	0.366616112222507
0.820000000000001	0.378746818037775
0.830000000000001	0.391063121820745
0.840000000000001	0.403556428753981
0.850000000000001	0.416217465081521
0.860000000000001	0.429036279384838
0.870000000000001	0.442002247168568
0.880000000000001	0.455104078949057
0.890000000000001	0.468329832025926
0.900000000000001	0.481666926101221
0.910000000000001	0.495102162891963
0.920000000000001	0.508621749860136
0.930000000000001	0.522211328159238
0.940000000000001	0.535856004868427
0.950000000000001	0.549540389554179
0.960000000000001	0.563248635165195
0.970000000000001	0.576964483229294
0.980000000000001	0.59067131328135
0.990000000000001	0.604352196409254
1	0.617989952760744
1.01	0.631567212808093
1.02	0.645066482120565
1.03	0.658470209346722
1.04	0.671760857060723
1.05	0.684920975079226
1.06	0.697933275809194
1.07	0.71078071114242
1.08	0.723446550370811
1.09	0.735914458558063
1.1	0.748168574769236
1.11	0.76019358953061
1.12	0.771974820868927
1.13	0.783498288262386
1.14	0.79475078382629
1.15	0.805719940054678
1.16	0.816394293446159
1.17	0.8267633433579
1.18	0.836817605456652
1.19	0.846548659170019
1.2	0.855949188584836
1.21	0.865013016292465
1.22	0.873735129742595
1.23	0.882111699737411
1.24	0.890140090775834
1.25	0.897818863042334
1.26	0.905147765925234
1.27	0.912127723044471
1.28	0.918760808866899
1.29	0.925050217087019
1.3	0.931000221050793
1.31	0.93661612659838
1.32	0.941904217796296
1.33	0.946871696119185
1.34	0.951526613724098
1.35	0.955877801534574
1.36	0.959934792916207
1.37	0.963707743778507
1.38	0.967207349978607
1.39	0.970444762929735
1.4	0.973431504330816
1.41	0.976179380932614
1.42	0.978700400240526
1.43	0.981006688024636
1.44	0.983110408464552
1.45	0.985023687700701
1.46	0.986758541496357
1.47	0.988326807636986
1.48	0.989740083607344
1.49	0.991009669993782
1.5	0.992146519961464
1.51	0.993161195055702
1.52	0.994063827475442
1.53	0.994864088867117
1.54	0.99557116559065
1.55	0.996193740318172
1.56	0.996739979741677
1.57	0.997217528089844
1.58	0.997633506087849
1.59	0.997994514938044
1.6	0.998306644854556
1.61	0.998575487651519
1.62	0.998806152862777
1.63	0.999003286860237
1.64	0.999171094438162
1.65	0.999313362340672
1.66	0.999433484228764
1.67	0.999534486609997
1.68	0.99961905528749
1.69	0.999689561923614
1.7	0.999748090356476
1.71	0.999796462352555
1.72	0.99983626252545
1.73	0.999868862197354
1.74	0.99989544202554
1.75	0.999917013259868
1.76	0.999934437538275
1.77	0.999948445164756
1.78	0.999959651848072
1.79	0.999968573908894
1.8	0.999975641988315
1.81	0.999981213311457
1.82	0.999985582576493
1.83	0.999988991551967
1.84	0.999991637474082
1.85	0.999993680341072
1.86	0.999995249204243
1.87	0.999996447555134
1.88	0.999997357906079
1.89	0.999998045657496
1.9	0.999998562340032
1.91	0.99999894831355
1.92	0.999999234998191
1.93	0.999999446705701
1.94	0.999999602132075
1.95	0.999999715565611
1.96	0.999999797857719
1.97	0.999999857197584
1.98	0.999999899725906
1.99	0.999999930017696
2	0.999999951459354
2.01	0.999999966541054
2.02	0.999999977081827
2.03	0.999999984410895
2.04	0.999999989519976
2.05	0.999999993176191
2.06	0.999999995977065
2.07	0.999999995977065
2.08	0.99999999723633
2.09	0.999999998129192
2.1	0.999999998751995
2.11	0.999999999178507
2.12	0.999999999465173
2.13	0.999999999654677
2.14	0.999999999778856
2.15	0.999999999859897
2.16	0.999999999912121
2.17	0.99999999994535
2.18	0.999999999966283
2.19	0.999999999979352
2.2	0.999999999987449
2.21	0.999999999992426
2.22	0.999999999995463
2.23	0.999999999997302
2.24	0.999999999998408
2.25	0.999999999999068
2.26	0.999999999999458
2.27	0.999999999999688
2.28	0.999999999999821
2.29	0.999999999999898
2.29999999999999	0.999999999999943
2.30999999999999	0.999999999999968
2.31999999999999	0.999999999999982
2.32999999999999	0.99999999999999
2.33999999999999	0.999999999999995
2.34999999999999	0.999999999999997
2.35999999999999	0.999999999999998
2.36999999999999	0.999999999999999
2.37999999999999	0.999999999999999
2.38999999999999	1
2.39999999999999	1
2.40999999999999	1
2.41999999999999	1
2.42999999999999	1
2.43999999999999	1
2.44999999999999	1
2.45999999999999	1
2.46999999999999	1
2.47999999999999	1
2.48999999999999	1
2.49999999999999	1
2.50999999999999	1
2.51999999999999	1
2.52999999999999	1
2.53999999999999	1
2.54999999999999	1
2.55999999999999	1
2.56999999999999	1
2.57999999999999	1
2.58999999999999	1
2.59999999999999	1
2.60999999999999	1
2.61999999999999	1
2.62999999999999	1
2.63999999999999	1
2.64999999999999	1
2.65999999999999	1
2.66999999999999	1
2.67999999999999	1
2.68999999999999	1
2.69999999999999	1
2.70999999999999	1
2.71999999999999	1
2.72999999999999	1
2.73999999999999	1
2.74999999999999	1
2.75999999999999	1
2.76999999999998	1
2.77999999999998	1
2.78999999999998	1
2.79999999999998	1
2.80999999999998	1
2.81999999999998	1
2.82999999999998	1
2.83999999999998	1
2.84999999999998	1
2.85999999999998	1
2.86999999999998	1
2.87999999999998	1
2.88999999999998	1
2.89999999999998	1
2.90999999999998	1
2.91999999999998	1
2.92999999999998	1
2.93999999999998	1
2.94999999999998	1
2.95999999999998	1
2.96999999999998	1
2.97999999999998	1
2.98999999999998	1
2.99999999999998	1
3.00999999999998	1
3.01999999999998	1
3.02999999999998	1
3.03999999999998	1
3.04999999999998	1
3.05999999999998	1
3.06999999999998	1
3.07999999999998	1
3.08999999999998	1
3.09999999999998	1
3.10999999999998	1
3.11999999999998	1
3.12999999999998	1
3.13999999999998	1
3.14999999999998	1
3.15999999999998	1
3.16999999999998	1
3.17999999999998	1
3.18999999999998	1
3.19999999999998	0.999999999999999
3.20999999999998	0.999999999999999
3.21999999999998	0.999999999999999
3.22999999999998	0.999999999999999
3.23999999999997	1
3.24999999999997	1
3.25999999999997	1
3.26999999999997	1
3.27999999999997	1
3.28999999999997	1
3.29999999999997	1
3.30999999999997	1
3.31999999999997	1
3.32999999999997	1
3.33999999999997	1
3.34999999999997	1
3.35999999999997	1
3.36999999999997	1
3.37999999999997	1
3.38999999999997	1
3.39999999999997	1
3.40999999999997	1
3.41999999999997	1
3.42999999999997	1
3.43999999999997	1
3.44999999999997	1
3.45999999999997	1
3.46999999999997	1
3.47999999999997	1
3.48999999999997	1
3.49999999999997	1
3.50999999999997	1
3.51999999999997	1
3.52999999999997	1
3.53999999999997	1
3.54999999999997	1
3.55999999999997	1
3.56999999999997	1
3.57999999999997	1
3.58999999999997	1
3.59999999999997	1
3.60999999999997	1
3.61999999999997	1
3.62999999999997	1
3.63999999999997	1
3.64999999999997	1
3.65999999999997	1
3.66999999999997	1
3.67999999999997	1
3.68999999999997	1
3.69999999999997	1
3.70999999999996	1
3.71999999999996	1
3.72999999999996	1
3.73999999999996	1
3.74999999999996	1
3.75999999999996	1
3.76999999999996	0.999999999999999
3.77999999999996	0.999999999999999
3.78999999999996	0.999999999999999
3.79999999999996	0.999999999999999
3.80999999999996	0.999999999999999
3.81999999999996	1
3.82999999999996	1
3.83999999999996	1
3.84999999999996	1
3.85999999999996	1
3.86999999999996	1
3.87999999999996	1
3.88999999999996	1
3.89999999999996	1
3.90999999999996	1
3.91999999999996	1
3.92999999999996	1
3.93999999999996	1
3.94999999999996	1
3.95999999999996	1
3.96999999999996	1
3.97999999999996	1
3.98999999999996	1
3.99999999999996	1
4.00999999999996	1
4.01999999999996	1
4.02999999999996	1
4.03999999999996	0.999999999999999
4.04999999999996	0.999999999999999
4.05999999999996	1
4.06999999999996	1
4.07999999999996	1
4.08999999999996	1
4.09999999999996	1
4.10999999999996	1
4.11999999999996	1
4.12999999999996	1
4.13999999999996	1
4.14999999999996	1
4.15999999999996	1
4.16999999999996	1
4.17999999999996	1
4.18999999999996	1
4.19999999999995	1
4.20999999999995	0.999999999999999
4.21999999999995	0.999999999999999
4.22999999999995	0.999999999999999
4.23999999999995	0.999999999999999
4.24999999999995	0.999999999999999
4.25999999999995	1
4.26999999999995	1
4.27999999999995	1
4.28999999999995	1
4.29999999999995	1
4.30999999999995	1
4.31999999999995	1
4.32999999999995	1
4.33999999999995	1
4.34999999999995	1
4.35999999999995	1
4.36999999999995	1
4.37999999999995	1
4.38999999999995	1
4.39999999999995	1
4.40999999999995	0.999999999999999
4.41999999999995	0.999999999999999
4.42999999999995	0.999999999999999
4.43999999999995	0.999999999999999
4.44999999999995	1
4.45999999999995	0.999999999999999
4.46999999999995	0.999999999999999
4.47999999999995	0.999999999999999
4.48999999999995	0.999999999999999
4.49999999999995	1
4.50999999999995	1
4.51999999999995	1
4.52999999999995	1
4.53999999999995	1
4.54999999999995	1
4.55999999999995	1
4.56999999999995	1
4.57999999999995	1
4.58999999999995	1
4.59999999999995	1
4.60999999999995	0.999999999999999
4.61999999999995	0.999999999999999
4.62999999999995	0.999999999999999
4.63999999999995	0.999999999999999
4.64999999999995	0.999999999999999
4.65999999999995	0.999999999999999
4.66999999999994	0.999999999999999
4.67999999999994	0.999999999999999
4.68999999999994	0.999999999999999
4.69999999999994	0.999999999999999
4.70999999999994	0.999999999999999
4.71999999999994	0.999999999999999
4.72999999999994	0.999999999999999
4.73999999999994	0.999999999999999
4.74999999999994	0.999999999999999
4.75999999999994	1
4.76999999999994	0.999999999999999
4.77999999999994	0.999999999999999
4.78999999999994	0.999999999999999
4.79999999999994	0.999999999999999
4.80999999999994	0.999999999999999
4.81999999999994	1
4.82999999999994	1
4.83999999999994	1
4.84999999999994	1
4.85999999999994	1
4.86999999999994	1
4.87999999999994	1
4.88999999999994	1
4.89999999999994	1
4.90999999999994	1
4.91999999999994	1
4.92999999999994	1
4.93999999999994	1
4.94999999999994	1
4.95999999999994	1
4.96999999999994	1
4.97999999999994	1
4.98999999999994	0.999999999999999
4.99999999999994	0.999999999999999
5.00999999999994	0.999999999999999
5.01999999999994	0.999999999999999
5.02999999999994	0.999999999999999
5.03999999999994	0.999999999999999
5.04999999999994	0.999999999999999
5.05999999999994	1
5.06999999999994	1
5.07999999999994	1
5.08999999999994	0.999999999999999
5.09999999999994	0.999999999999999
5.10999999999994	0.999999999999999
5.11999999999994	0.999999999999999
5.12999999999994	0.999999999999999
5.13999999999993	0.999999999999999
5.14999999999993	1
5.15999999999993	1
5.16999999999993	1
5.17999999999993	1
5.18999999999993	1
5.19999999999993	1
5.20999999999993	1
5.21999999999993	1
5.22999999999993	1
5.23999999999993	1
5.24999999999993	1
5.25999999999993	1
5.26999999999993	1
5.27999999999993	1
5.28999999999993	1
5.29999999999993	1
5.30999999999993	1
5.31999999999993	1
5.32999999999993	1
5.33999999999993	0.999999999999999
5.34999999999993	0.999999999999999
5.35999999999993	0.999999999999999
5.36999999999993	0.999999999999999
5.37999999999993	1
5.38999999999993	1
5.39999999999993	1
5.40999999999993	1
5.41999999999993	1
5.42999999999993	1
5.43999999999993	1
5.44999999999993	1
5.45999999999993	1
5.46999999999993	1
5.47999999999993	1
5.48999999999993	1
5.49999999999993	1
5.50999999999993	0.999999999999999
5.51999999999993	0.999999999999999
5.52999999999993	0.999999999999999
5.53999999999993	0.999999999999999
5.54999999999993	0.999999999999999
5.55999999999993	1
5.56999999999993	1
5.57999999999993	1
5.58999999999993	1
5.59999999999993	1
5.60999999999992	1
5.61999999999992	1
5.62999999999992	1
5.63999999999992	1
5.64999999999992	0.999999999999999
5.65999999999992	0.999999999999999
5.66999999999992	0.999999999999997
5.67999999999992	0.999999999999995
5.68999999999992	0.999999999999992
5.69999999999992	0.999999999999986
5.70999999999992	0.999999999999975
5.71999999999992	0.999999999999957
5.72999999999992	0.999999999999924
5.73999999999992	0.999999999999867
5.74999999999992	0.999999999999769
5.75999999999992	0.999999999999601
5.76999999999992	0.999999999999315
5.77999999999992	0.999999999998833
5.78999999999992	0.999999999998029
5.79999999999992	0.999999999996698
5.80999999999992	0.999999999994511
5.81999999999992	0.999999999990948
5.82999999999992	0.999999999985185
5.83999999999992	0.999999999975939
5.84999999999992	0.999999999961217
5.85999999999992	0.999999999937954
5.86999999999992	0.999999999901471
5.87999999999992	0.999999999844677
5.88999999999992	0.999999999756916
5.89999999999992	0.999999999622285
5.90999999999992	0.999999999417236
5.91999999999992	0.999999999107155
5.92999999999992	0.999999998641535
5.93999999999992	0.999999997947212
5.94999999999992	0.999999996918962
5.95999999999992	0.999999995406529
5.96999999999992	0.999999993196855
5.97999999999992	0.999999989989937
5.98999999999992	0.999999985366246
5.99999999999992	0.999999978743104
6.00999999999992	0.999999969316687
6.01999999999992	0.99999995598548
6.02999999999992	0.999999937249979
6.03999999999992	0.999999911082212
6.04999999999992	0.999999874757176
6.05999999999992	0.999999824636639
6.06999999999992	0.999999755893751
6.07999999999991	0.999999662164711
6.08999999999991	0.999999535111195
6.09999999999991	0.999999363874458
6.10999999999991	0.999999134398932
6.11999999999991	0.999998828599807
6.12999999999991	0.999998423345513
6.13999999999991	0.999997889222321
6.14999999999991	0.999997189044428
6.15999999999991	0.99999627606912
6.16999999999991	0.99999509187283
6.17999999999991	0.999993563840506
6.18999999999991	0.999991602217576
6.19999999999991	0.999989096671313
6.20999999999991	0.999985912306627
6.21999999999991	0.999981885080498
6.22999999999991	0.999976816559592
6.23999999999991	0.999970467967295
6.24999999999991	0.9999625534696
6.25999999999991	0.99995273265427
6.26999999999991	0.99994060216452
6.27999999999991	0.999925686457285
6.28999999999991	0.999907427667121
6.29999999999991	0.999885174569786
6.30999999999991	0.99985817065473
6.31999999999991	0.999825541332894
6.32999999999991	0.99978628032519
6.33999999999991	0.999739235297748
6.34999999999991	0.999683092831933
6.35999999999991	0.999616362840122
6.36999999999991	0.999537362561693
6.37999999999991	0.999444200297218
6.38999999999991	0.999334759061873
6.39999999999991	0.999206680361078
6.40999999999991	0.999057348311676
6.41999999999991	0.998883874350043
6.42999999999991	0.998683082783724
6.43999999999991	0.998451497455033
6.44999999999991	0.998185329792916
6.45999999999991	0.997880468532939
6.46999999999991	0.997532471384023
6.47999999999991	0.997136558914327
6.48999999999991	0.996687610917271
6.49999999999991	0.996180165501964
6.50999999999991	0.995608421130496
6.51999999999991	0.994966241797607
6.52999999999991	0.994247165516701
6.53999999999991	0.993444416240265
6.5499999999999	0.992550919303109
6.5599999999999	0.991559320434096
6.5699999999999	0.990462008336761
6.5799999999999	0.989251140792421
6.5899999999999	0.987918674191626
6.5999999999999	0.986456396352149
6.6099999999999	0.984855962434919
6.6199999999999	0.983108933724228
6.6299999999999	0.981206818996009
6.6399999999999	0.979141118158808
6.6499999999999	0.976903367816853
6.6599999999999	0.974485188374078
6.6699999999999	0.971878332272564
6.6799999999999	0.969074732939007
6.6899999999999	0.966066553998918
6.6999999999999	0.962846238310331
6.7099999999999	0.959406556367113
6.7199999999999	0.955740653626307
6.7299999999999	0.95184209632428
6.7399999999999	0.947704915362433
6.7499999999999	0.943323647864622
6.7599999999999	0.938693376034628
6.7699999999999	0.933809762972719
6.7799999999999	0.928669085144747
6.7899999999999	0.923268261234933
6.7999999999999	0.917604877153692
6.8099999999999	0.911677207013975
6.8199999999999	0.905484229932954
6.8299999999999	0.899025642559783
6.8399999999999	0.892301867274018
6.8499999999999	0.885314056042443
6.8599999999999	0.878064089963971
6.8699999999999	0.87055457457245
6.8799999999999	0.862788831005163
6.8899999999999	0.854770883180089
6.8999999999999	0.846505441157397
6.9099999999999	0.837997880889696
6.9199999999999	0.829254220591265
6.9299999999999	0.820281093978535
6.9399999999999	0.811085720652478
6.9499999999999	0.801675873908216
6.9599999999999	0.792059846268201
6.9699999999999	0.782246413042664
6.9799999999999	0.772244794225018
6.9899999999999	0.762064615030465
6.9999999999999	0.751715865383624
7.0099999999999	0.741208858655594
7.01999999999989	0.73055418994289
7.02999999999989	0.719762694170304
7.03999999999989	0.708845407902832
7.04999999999989	0.697813527798205
7.05999999999989	0.686678357594664
7.06999999999989	0.675451267198207
7.07999999999989	0.664143667680848
7.08999999999989	0.652766976194428
7.09999999999989	0.641332573923737
7.10999999999989	0.629851768864035
7.11999999999989	0.61833576220281
7.12999999999989	0.606795617003111
7.13999999999989	0.595242228747421
7.14999999999989	0.583686297703346
7.15999999999989	0.572138303179583
7.16999999999989	0.560608479741007
7.17999999999989	0.549106795427037
7.18999999999989	0.537642931992587
7.19999999999989	0.526226267170713
7.20999999999989	0.514865858939931
7.21999999999989	0.503570431765904
7.22999999999989	0.49234836477595
7.23999999999989	0.481207681815097
7.24999999999989	0.470156043324031
7.25999999999989	0.459200739971989
7.26999999999989	0.448348687971578
7.27999999999989	0.437606425997322
7.28999999999989	0.426980113625666
7.29999999999989	0.41647553121093
7.30999999999989	0.406098081109413
7.31999999999989	0.395852790162295
7.32999999999989	0.38574431334724
7.33999999999989	0.375776938508524
7.34999999999989	0.365954592076044
7.35999999999989	0.356280845684695
7.36999999999989	0.346758923607191
7.37999999999989	0.337391710915487
7.38999999999989	0.328181762288375
7.39999999999989	0.319131311385629
7.40999999999989	0.310242280712074
7.41999999999989	0.301516291898297
7.42999999999989	0.292954676328111
7.43999999999989	0.284558486046527
7.44999999999989	0.276328504885664
7.45999999999989	0.268265259749785
7.46999999999989	0.260369032004441
7.47999999999989	0.252639868918492
7.48999999999988	0.245077595111524
7.49999999999988	0.237681823962884
7.50999999999988	0.230451968942214
7.51999999999988	0.22338725482488
7.52999999999988	0.21648672875913
7.53999999999988	0.20974927115518
7.54999999999988	0.203173606369535
7.55999999999988	0.196758313160999
7.56999999999988	0.19050183489765
7.57999999999988	0.184402489496878
7.58999999999988	0.178458479083164
7.59999999999988	0.172667899350729
7.60999999999988	0.167028748620498
7.61999999999988	0.161538936582964
7.62999999999988	0.156196292720533
7.63999999999988	0.150998574404784
7.64999999999988	0.145943474665779
7.65999999999988	0.141028629632126
7.66999999999988	0.136251625641929
7.67999999999988	0.131610006026047
7.68999999999988	0.12710127756627
7.69999999999988	0.122722916632067
7.70999999999988	0.118472375000505
7.71999999999988	0.114347085364766
7.72999999999988	0.110344466537431
7.73999999999988	0.106461928355331
7.74999999999988	0.102696876293305
7.75999999999988	0.0990467157946948
7.76999999999988	0.0955088563267628
7.77999999999988	0.0920807151695578
7.78999999999988	0.0887597209469927
7.79999999999988	0.085543316909091
7.80999999999988	0.0824289639744893
7.81999999999988	0.0794141435423674
7.82999999999988	0.0764963600830136
7.83999999999988	0.0736731435162253
7.84999999999988	0.0709420513867038
7.85999999999988	0.0683006708455256
7.86999999999988	0.0657466204466634
7.87999999999988	0.0632775517674009
7.88999999999988	0.0608911508613258
7.89999999999988	0.0585851395524133
7.90999999999988	0.0563572765785144
7.91999999999988	0.0542053585923604
7.92999999999988	0.0521272210279723
7.93999999999988	0.0501207388401329
7.94999999999987	0.0481838271243456
7.95999999999987	0.0463144416244539
7.96999999999987	0.0445105791348542
7.97999999999987	0.0427702778039764
7.98999999999987	0.0410916173454594
7.99999999999987	0.0394727191631926
8.00999999999987	0.0379117463961436
8.01999999999987	0.0364069038886415
8.02999999999987	0.0349564380915382
8.03999999999987	0.0335586368994253
8.04999999999987	0.0322118294288445
8.05999999999987	0.0309143857421953
8.06999999999987	0.0296647165218117
8.07999999999987	0.0284612726984564
8.08999999999987	0.027302545038264
8.09999999999987	0.0261870636919489
8.10999999999987	0.0251133977098912
8.11999999999987	0.0240801545265144
8.12999999999987	0.0230859794171741
8.13999999999987	0.0221295549305942
8.14999999999987	0.0212096002997069
8.15999999999987	0.0203248708335814
8.16999999999987	0.0194741572929619
8.17999999999987	0.0186562852517763
8.18999999999987	0.0178701144468268
8.19999999999987	0.017114538117728
8.20999999999987	0.0163884823390198
8.21999999999987	0.0156909053462526
8.22999999999987	0.015020796857712
8.23999999999987	0.0143771773933363
8.24999999999987	0.0137590975922622
8.25999999999987	0.0131656375303278
8.26999999999987	0.0125959060387597
8.27999999999987	0.0120490400251732
8.28999999999987	0.0115242037979243
8.29999999999987	0.0110205883947623
8.30999999999987	0.010537410916655
8.31999999999987	0.0100739138675745
