# N mu
0.9	0.0121551783299149
1	0.0183156388887342
1.1	0.0270518468663504
1.2	0.0391638950989871
1.3	0.0555762126114831
1.4	0.0773047404432998
1.5	0.105399224561864
1.6	0.140858420921045
1.7	0.184519523992989
1.8	0.236927758682122
1.9	0.298197279429887
2	0.367879441171442
2.1	0.444858066222941
2.2	0.527292424043049
2.3	0.612626394184416
2.4	0.697676326071031
2.5	0.778800783071405
2.6	0.697676326071031
2.7	0.612626394184416
2.8	0.527292424043048
2.9	0.444858066222941
3	0.367879441171442
3.1	0.298197279429887
3.2	0.236927758682122
3.3	0.184519523992989
3.4	0.140858420921045
3.5	0.105399224561864
3.6	0.0773047404432997
3.7	0.055576212611483
3.8	0.039163895098987
3.9	0.0270518468663504
4	0.0183156388887342
4.1	0.012155178329915
