# N mu
0.77	0.0104841250509928
0.78	0.0113518272629545
0.79	0.0122833016509218
0.8	0.013277653667972
0.810000000000001	0.0143383290696592
0.820000000000001	0.0154698662166596
0.830000000000001	0.0166740654867674
0.840000000000001	0.0179519527956209
0.850000000000001	0.0193060714562413
0.860000000000001	0.0207423276257791
0.870000000000001	0.0222682580659924
0.880000000000001	0.0238902383581991
0.890000000000001	0.0256124043122977
0.900000000000001	0.027437471568863
0.910000000000001	0.0293681224453899
0.920000000000001	0.0314073828605528
0.930000000000001	0.0335585623260927
0.940000000000001	0.035826285285142
0.950000000000001	0.0382228110728481
0.960000000000001	0.0407422611602203
0.970000000000001	0.0433807489644962
0.980000000000001	0.0462162698179816
0.990000000000001	0.0493055979394276
1	0.0525795458477518
1.01	0.0559591003477427
1.02	0.0594233292488204
1.03	0.0629777721458088
1.04	0.0666391335046902
1.05	0.0704250950870902
1.06	0.0743469798118453
1.07	0.0784098638697186
1.08	0.0826232696931628
1.09	0.0870075081636711
1.1	0.0915801865958727
1.11	0.0963394747060409
1.12	0.101266648086528
1.13	0.106339627586517
1.14	0.111547552219028
1.15	0.116911107600605
1.16	0.122468084068739
1.17	0.128225877692342
1.18	0.134157394363203
1.19	0.140247102715387
1.2	0.146495958654311
1.21	0.152903052669897
1.22	0.159472536397878
1.23	0.166193401003512
1.24	0.173060553255293
1.25	0.180095440712293
1.26	0.187291773499661
1.27	0.194639445308696
1.28	0.202151740402926
1.29	0.209819628670294
1.3	0.217631376531306
1.31	0.225597325795832
1.32	0.233731301666888
1.33	0.242004883578941
1.34	0.250385177960708
1.35	0.25892377413424
1.36	0.267647777169914
1.37	0.276484302259029
1.38	0.285372360958783
1.39	0.294328084406967
1.4	0.303423361497034
1.41	0.312682342968925
1.42	0.322039652872892
1.43	0.331450682243982
1.44	0.340924794849037
1.45	0.35048400937541
1.46	0.360148954838717
1.47	0.369929666066539
1.48	0.379758996018
1.49	0.389570166946497
1.5	0.399459374220506
1.51	0.409466062236912
1.52	0.419487277132836
1.53	0.429548635402772
1.54	0.439736052423169
1.55	0.449985453582639
1.56	0.460201807772825
1.57	0.470402996653423
1.58	0.480627411462765
1.59	0.490861398658416
1.6	0.501094048551688
1.61	0.511337388517744
1.62	0.521554007750427
1.63	0.531648509416987
1.64	0.541636868651565
1.65	0.55165157732821
1.66	0.561720361399431
1.67	0.571774607206346
1.68	0.58178521587005
1.69	0.591713295685127
1.7	0.601515817457963
1.71	0.611262755717992
1.72	0.621061483434702
1.73	0.630870513591009
1.74	0.640569993695408
1.75	0.650118824011138
1.76	0.659501684738269
1.77	0.668756341859523
1.78	0.677942264587167
1.79	0.687024593069338
1.8	0.696002575585175
1.81	0.704898373740037
1.82	0.713692299520119
1.83	0.722387064980349
1.84	0.73099099954765
1.85	0.73950672821464
1.86	0.747932442531664
1.87	0.756267236467943
1.88	0.764450889629955
1.89	0.772422393028012
1.9	0.780199332849093
1.91	0.787813159158693
1.92	0.79534673950885
1.93	0.802810802735975
1.94	0.810134477041862
1.95	0.817330098495572
1.96	0.824429682384327
1.97	0.831481079873436
1.98	0.838423608284251
1.99	0.845049807865314
2	0.851375245486602
2.01	0.857641918314357
2.02	0.863882945954522
2.03	0.86998070382285
2.04	0.876085133140638
2.05	0.882471539042876
2.06	0.889175135850215
2.07	0.889175135850215
2.08	0.893862324873863
2.09	0.898672337633947
2.1	0.903687653865
2.11	0.90884802184225
2.12	0.913897483553822
2.13	0.918674457347147
2.14	0.92318574943542
2.15	0.927488982436726
2.16	0.931629654398269
2.17	0.935681132567094
2.18	0.93972962622777
2.19	0.943726231444023
2.2	0.947567901548601
2.21	0.951263630531278
2.22	0.954848989506206
2.23	0.958295532558031
2.24	0.961551904582817
2.25	0.964601978649907
2.26	0.9674631199447
2.27	0.970155830036741
2.28	0.97269389895828
2.29	0.975104669875627
2.29999999999999	0.977416875001518
2.30999999999999	0.979632248251913
2.31999999999999	0.981754624141483
2.32999999999999	0.983786308386483
2.33999999999999	0.985693508998718
2.34999999999999	0.987441578713557
2.35999999999999	0.989041861209407
2.36999999999999	0.990502952366238
2.37999999999999	0.991824605381115
2.38999999999999	0.9930554674492
2.39999999999999	0.994224188975405
2.40999999999999	0.995284219462744
2.41999999999999	0.996201497926465
2.42999999999999	0.996995332667134
2.43999999999999	0.99768163723454
2.44999999999999	0.998257511795663
2.45999999999999	0.998728381267923
2.46999999999999	0.99910488201262
2.47999999999999	0.999388318215884
2.48999999999999	0.999574796750669
2.49999999999999	0.999665931207223
2.50999999999999	0.999670233137318
2.51999999999999	0.999595540366611
2.52999999999999	0.999435830498186
2.53999999999999	0.999179100505095
2.54999999999999	0.998830470996361
2.55999999999999	0.998393356767234
2.56999999999999	0.997852432105273
2.57999999999999	0.997209927275411
2.58999999999999	0.996495514620722
2.59999999999999	0.995728368841749
2.60999999999999	0.994906825139736
2.61999999999999	0.994023987172774
2.62999999999999	0.993053878986981
2.63999999999999	0.991954516063389
2.64999999999999	0.990728798489563
2.65999999999999	0.989429420289155
2.66999999999999	0.988088623144875
2.67999999999999	0.98670292201715
2.68999999999999	0.985267096837953
2.69999999999999	0.983778114529833
2.70999999999999	0.982231287171781
2.71999999999999	0.980622587748212
2.72999999999999	0.978947709430432
2.73999999999999	0.977204257356248
2.74999999999999	0.975390980117805
2.75999999999999	0.97350808873018
2.76999999999998	0.971556874175682
2.77999999999998	0.969538324346366
2.78999999999998	0.967453834808508
2.79999999999998	0.965304761049333
2.80999999999998	0.963091856018914
2.81999999999998	0.960831573814685
2.82999999999998	0.958572033994053
2.83999999999998	0.956358422420676
2.84999999999998	0.954174340216243
2.85999999999998	0.951938964932092
2.86999999999998	0.949577830936509
2.87999999999998	0.947078395800812
2.88999999999998	0.944503329993266
2.89999999999998	0.941965809297358
2.90999999999998	0.939499741452388
2.91999999999998	0.937000437695087
2.92999999999998	0.934360774644921
2.93999999999998	0.931589362186561
2.94999999999998	0.928801755621984
2.95999999999998	0.926084798671042
2.96999999999998	0.923371156425552
2.97999999999998	0.920532166069416
2.98999999999998	0.91758380881962
2.99999999999998	0.914679076167907
3.00999999999998	0.911839503229818
3.01999999999998	0.90897485307067
3.02999999999998	0.906117604728849
3.03999999999998	0.903261735440482
3.04999999999998	0.900324933763078
3.05999999999998	0.897364449483802
3.06999999999998	0.894400932141786
3.07999999999998	0.891364697480619
3.08999999999998	0.888311377892713
3.09999999999998	0.885293033391958
3.10999999999998	0.882279456154772
3.11999999999998	0.879239024613805
3.12999999999998	0.876147383568702
3.13999999999998	0.873045717469979
3.14999999999998	0.869961481688102
3.15999999999998	0.866867210275693
3.16999999999998	0.863763341039975
3.17999999999998	0.860663594579548
3.18999999999998	0.85752540570879
3.19999999999998	0.854297045267067
3.20999999999998	0.851029611560103
3.21999999999998	0.847789994820289
3.22999999999998	0.8445805187473
3.23999999999997	0.841383229980885
3.24999999999997	0.838198551220025
3.25999999999997	0.835033104512592
3.26999999999997	0.831848647320582
3.27999999999997	0.828604875807379
3.28999999999997	0.825362713812
3.29999999999997	0.822205837523686
3.30999999999997	0.819077771029925
3.31999999999997	0.815881210876538
3.32999999999997	0.812637525480484
3.33999999999997	0.809403179673451
3.34999999999997	0.806149174211682
3.35999999999997	0.8028725668638
3.36999999999997	0.799635946221651
3.37999999999997	0.796407820614807
3.38999999999997	0.793103326425049
3.39999999999997	0.789748523271624
3.40999999999997	0.786453119513442
3.41999999999997	0.783246550371234
3.42999999999997	0.780074879677671
3.43999999999997	0.776931449352634
3.44999999999997	0.773814430973021
3.45999999999997	0.770676758757732
3.46999999999997	0.767528762332194
3.47999999999997	0.764374250410292
3.48999999999997	0.761116169360561
3.49999999999997	0.7577131696555
3.50999999999997	0.754287694763067
3.51999999999997	0.750990818523225
3.52999999999997	0.747840736269535
3.53999999999997	0.744782227028127
3.54999999999997	0.741757334615127
3.55999999999997	0.738695694645077
3.56999999999997	0.735578282311615
3.57999999999997	0.732407989872799
3.58999999999997	0.729180847220811
3.59999999999997	0.725932783888216
3.60999999999997	0.722733957642003
3.61999999999997	0.719644805028899
3.62999999999997	0.71662443985807
3.63999999999997	0.713573493908445
3.64999999999997	0.710452301163415
3.65999999999997	0.707294522907904
3.66999999999997	0.704177120422083
3.67999999999997	0.701107590689524
3.68999999999997	0.698031171432947
3.69999999999997	0.694965346094998
3.70999999999996	0.691959038394639
3.71999999999996	0.688966913993163
3.72999999999996	0.685917633242801
3.73999999999996	0.682857747890741
3.74999999999996	0.679853628063072
3.75999999999996	0.676895348432661
3.76999999999996	0.673965161493958
3.77999999999996	0.671009663528768
3.78999999999996	0.667970916949301
3.79999999999996	0.664933089491763
3.80999999999996	0.661995468187825
3.81999999999996	0.659102532148094
3.82999999999996	0.65618102510007
3.83999999999996	0.653224126975879
3.84999999999996	0.650253162140023
3.85999999999996	0.647298414412029
3.86999999999996	0.644410437466723
3.87999999999996	0.641618700975279
3.88999999999996	0.638841689391744
3.89999999999996	0.635992525677702
3.90999999999996	0.633062596493782
3.91999999999996	0.630153155354988
3.92999999999996	0.627372248855026
3.93999999999996	0.624629797113288
3.94999999999996	0.62187708261656
3.95999999999996	0.619188829339067
3.96999999999996	0.616497694268541
3.97999999999996	0.613700338662306
3.98999999999996	0.610804342498824
3.99999999999996	0.607923862346265
4.00999999999996	0.60522746500035
4.01999999999996	0.602703044450774
4.02999999999996	0.600151079032006
4.03999999999996	0.597521873765218
4.04999999999996	0.594897620737368
4.05999999999996	0.59223357025576
4.06999999999996	0.589530254899854
4.07999999999996	0.586904495133851
4.08999999999996	0.584328356705588
4.09999999999996	0.58170903324607
4.10999999999996	0.579106953033896
4.11999999999996	0.576609710174647
4.12999999999996	0.57414511931636
4.13999999999996	0.571601990969117
4.14999999999996	0.569031385010776
4.15999999999996	0.566545425169301
4.16999999999996	0.56410034112206
4.17999999999996	0.561575942776847
4.18999999999996	0.559006701873203
4.19999999999995	0.556543055895994
4.20999999999995	0.554240383734293
4.21999999999995	0.551970900339649
4.22999999999995	0.549556289558964
4.23999999999995	0.547024990457825
4.24999999999995	0.544558797615867
4.25999999999995	0.542195288731971
4.26999999999995	0.539851112291145
4.27999999999995	0.537496724776965
4.28999999999995	0.535119513429993
4.29999999999995	0.532728452012166
4.30999999999995	0.530403765757612
4.31999999999995	0.528184080668294
4.32999999999995	0.525981559171
4.33999999999995	0.523698738314712
4.34999999999995	0.52135925174582
4.35999999999995	0.51901928034716
4.36999999999995	0.516705278748539
4.37999999999995	0.514461440306713
4.38999999999995	0.512286335318041
4.39999999999995	0.510126015314157
4.40999999999995	0.507946183572594
4.41999999999995	0.505730748381739
4.42999999999995	0.503485223594958
4.43999999999995	0.501220594793738
4.44999999999995	0.498971238122041
4.45999999999995	0.496806101502693
4.46999999999995	0.494721269914968
4.47999999999995	0.492651844666515
4.48999999999995	0.49057025993711
4.49999999999995	0.488504717044371
4.50999999999995	0.486475132840988
4.51999999999995	0.48444064185425
4.52999999999995	0.482399213430261
4.53999999999995	0.480379744891859
4.54999999999995	0.478339313368056
4.55999999999995	0.476279586418953
4.56999999999995	0.474244658066533
4.57999999999995	0.472185424337088
4.58999999999995	0.470102027130839
4.59999999999995	0.468106398960008
4.60999999999995	0.466198046459518
4.61999999999995	0.464242746645721
4.62999999999995	0.462223664454062
4.63999999999995	0.460267736209432
4.64999999999995	0.458391395531765
4.65999999999995	0.456466567939524
4.66999999999994	0.454469249019303
4.67999999999994	0.452522820249955
4.68999999999994	0.450701213992195
4.69999999999994	0.448929846404868
4.70999999999994	0.447068872057899
4.71999999999994	0.44511494812299
4.72999999999994	0.443203967288967
4.73999999999994	0.44140664106963
4.74999999999994	0.439650465684095
4.75999999999994	0.437807624052657
4.76999999999994	0.435877279034829
4.77999999999994	0.433986192155589
4.78999999999994	0.432208673955992
4.79999999999994	0.430524658724396
4.80999999999994	0.428868287203401
4.81999999999994	0.42715879330494
4.82999999999994	0.42534768288701
4.83999999999994	0.42348930631498
4.84999999999994	0.421700480417847
4.85999999999994	0.420027935814235
4.86999999999994	0.418438349564504
4.87999999999994	0.416841497516562
4.88999999999994	0.415116019363599
4.89999999999994	0.413261711690065
4.90999999999994	0.411416220762556
4.91999999999994	0.40967091021114
4.92999999999994	0.408021354475421
4.93999999999994	0.406444945699541
4.94999999999994	0.40492555709411
4.95999999999994	0.403441113446959
4.96999999999994	0.401965846264808
4.97999999999994	0.400431668008214
4.98999999999994	0.398736033021844
4.99999999999994	0.396907011661827
5.00999999999994	0.395101091468177
5.01999999999994	0.39340183907817
5.02999999999994	0.391795196779031
5.03999999999994	0.390258170539141
5.04999999999994	0.388774228252674
5.05999999999994	0.387320249042419
5.06999999999994	0.385871312661118
5.07999999999994	0.3844145628461
5.08999999999994	0.382956553876125
5.09999999999994	0.381511559539599
5.10999999999994	0.38008146090947
5.11999999999994	0.378654449838597
5.12999999999994	0.377218536797728
5.13999999999993	0.375774722043297
5.14999999999993	0.374337385229184
5.15999999999993	0.372916104030976
5.16999999999993	0.371503916060563
5.17999999999993	0.370086389862841
5.18999999999993	0.368657884083921
5.19999999999993	0.367230120605831
5.20999999999993	0.36581763837886
5.21999999999993	0.364418833299423
5.22999999999993	0.363020251936892
5.23999999999993	0.361612110153325
5.24999999999993	0.360198977132759
5.25999999999993	0.358794942981795
5.26999999999993	0.357405710900747
5.27999999999993	0.35602249508358
5.28999999999993	0.354632423523491
5.29999999999993	0.353232914539628
5.30999999999993	0.351837190183365
5.31999999999993	0.350457672566088
5.32999999999993	0.349089897142785
5.33999999999993	0.34772168445053
5.34999999999993	0.346358612700139
5.35999999999993	0.345034520236594
5.36999999999993	0.343777217935237
5.37999999999993	0.342577123533338
5.38999999999993	0.341404455435441
5.39999999999993	0.340233754955417
5.40999999999993	0.339049236809408
5.41999999999993	0.337842602287264
5.42999999999993	0.336609977108142
5.43999999999993	0.335349776335048
5.44999999999993	0.334061508959324
5.45999999999993	0.332750511748878
5.46999999999993	0.331440989616768
5.47999999999993	0.33017133635802
5.48999999999993	0.328982398962508
5.49999999999993	0.327896706107809
5.50999999999993	0.326862097673984
5.51999999999993	0.325778733285015
5.52999999999993	0.324612114089256
5.53999999999993	0.323411647469928
5.54999999999993	0.322233446724062
5.55999999999993	0.321089996506984
5.56999999999993	0.319964286814145
5.57999999999993	0.31883731943142
5.58999999999993	0.317704399838062
5.59999999999993	0.31658163679166
5.60999999999992	0.315483754947424
5.61999999999992	0.314403730587995
5.62999999999992	0.313324388111132
5.63999999999992	0.312232627597109
5.64999999999992	0.311126536032399
5.65999999999992	0.310020446302527
5.66999999999992	0.308931221259222
5.67999999999992	0.307859567018937
5.68999999999992	0.306793085001894
5.69999999999992	0.30571864241222
5.70999999999992	0.304630635457057
5.71999999999992	0.303537407897171
5.72999999999992	0.302455492759558
5.73999999999992	0.301391827480589
5.74999999999992	0.300338053526142
5.75999999999992	0.299280772609738
5.76999999999992	0.298210743631537
5.77999999999992	0.297130522214015
5.78999999999992	0.296056296984555
5.79999999999992	0.295000965260951
5.80999999999992	0.293960042599723
5.81999999999992	0.292919883773528
5.82999999999992	0.291868905346597
5.83999999999992	0.290805253040339
5.84999999999992	0.289742121895887
5.85999999999992	0.28872113032704
5.86999999999992	0.287807396816012
5.87999999999992	0.287006575573666
5.88999999999992	0.286227851633388
5.89999999999992	0.285381960588539
5.90999999999992	0.284449945901811
5.91999999999992	0.283460207811482
5.92999999999992	0.282450519497413
5.93999999999992	0.281442317801961
5.94999999999992	0.280436072572107
5.95999999999992	0.279423388324747
5.96999999999992	0.278397546980302
5.97999999999992	0.275383507325171
5.98999999999992	0.26845446322
5.99999999999992	0.262311431582862
6.00999999999992	0.2621430398549
6.01999999999992	0.265487626794654
6.02999999999992	0.268362383210204
6.03999999999992	0.269810680061062
6.04999999999992	0.270117305642735
6.05999999999992	0.269751727288391
6.06999999999992	0.269091188173226
6.07999999999991	0.268386822691363
6.08999999999991	0.2677039912924
6.09999999999991	0.266972412972814
6.10999999999991	0.266143731162834
6.11999999999991	0.265231159727875
6.12999999999991	0.264270575969775
6.13999999999991	0.263332849582502
6.14999999999991	0.262506465492025
6.15999999999991	0.26177996493285
6.16999999999991	0.261042824414508
6.17999999999991	0.26022526165153
6.18999999999991	0.259327990056394
6.19999999999991	0.25841117416016
6.20999999999991	0.25757889074703
6.21999999999991	0.25684772087783
6.22999999999991	0.256121303736164
6.23999999999991	0.255328823113794
6.24999999999991	0.254490632763162
6.25999999999991	0.253678280456788
6.26999999999991	0.252918438748426
6.27999999999991	0.252165292366006
6.28999999999991	0.25137556817597
6.29999999999991	0.250550101751531
6.30999999999991	0.24972145518662
6.31999999999991	0.248927691115934
6.32999999999991	0.248184091611213
6.33999999999991	0.247452712945923
6.34999999999991	0.246667748635033
6.35999999999991	0.245842543382158
6.36999999999991	0.245077445602214
6.37999999999991	0.244396285593715
6.38999999999991	0.243707953556487
6.39999999999991	0.242965724009291
6.40999999999991	0.242215102012822
6.41999999999991	0.241490627454477
6.42999999999991	0.240769908644382
6.43999999999991	0.240014887307462
6.44999999999991	0.239215752340106
6.45999999999991	0.23842176228731
6.46999999999991	0.237701609373829
6.47999999999991	0.237036924264211
6.48999999999991	0.236361670287888
6.49999999999991	0.235680452839604
6.50999999999991	0.235011787975944
6.51999999999991	0.234322576401874
6.52999999999991	0.233586543481873
6.53999999999991	0.232839869337479
6.5499999999999	0.232151336208659
6.5599999999999	0.231528097965233
6.5699999999999	0.230921986903086
6.5799999999999	0.230296849434057
6.5899999999999	0.229629821123133
6.5999999999999	0.228912163510457
6.6099999999999	0.228153269526517
6.6199999999999	0.227396782512595
6.6299999999999	0.226709690397703
6.6399999999999	0.226095662271339
6.6499999999999	0.225498936551069
6.6599999999999	0.224879918426912
6.6699999999999	0.224223941754665
6.6799999999999	0.223528807953573
6.6899999999999	0.222821811377566
6.6999999999999	0.222164494315158
6.7099999999999	0.221567909429296
6.7199999999999	0.22097069067401
6.7299999999999	0.22033437961603
6.7399999999999	0.219671540378821
6.7499999999999	0.219028504812944
6.7599999999999	0.218443692467624
6.7699999999999	0.217884918702831
6.7799999999999	0.217282219832169
6.7899999999999	0.216635577489451
6.7999999999999	0.216023815928506
6.8099999999999	0.215473190244817
6.8199999999999	0.214921131612757
6.8299999999999	0.214319804645009
6.8399999999999	0.213674700816085
6.8499999999999	0.213032285602975
6.8599999999999	0.212443369715324
6.8699999999999	0.211887810000634
6.8799999999999	0.211297196833084
6.8899999999999	0.210669479188385
6.8999999999999	0.210076738824919
6.9099999999999	0.20954290186916
6.9199999999999	0.209009304948685
6.9299999999999	0.20835644865105
6.9399999999999	0.207537622965386
6.9499999999999	0.206780759790281
6.9599999999999	0.206270613678617
6.9699999999999	0.205853897826277
6.9799999999999	0.199629112278695
6.9899999999999	0.181882063901014
6.9999999999999	0.166067665405969
7.0099999999999	0.167268403818566
7.01999999999989	0.178577638710219
7.02999999999989	0.188610635692006
7.03999999999989	0.194785781549293
7.04999999999989	0.198007576892704
7.05999999999989	0.199382837974856
7.06999999999989	0.199676254751061
7.07999999999989	0.199493103075189
7.08999999999989	0.19917774175151
7.09999999999989	0.198780422368482
7.10999999999989	0.198303205477525
7.11999999999989	0.197820633048409
7.12999999999989	0.197357585985242
7.13999999999989	0.196870875404973
7.14999999999989	0.196364157660484
7.15999999999989	0.195866917150793
7.16999999999989	0.195351611669142
7.17999999999989	0.194803057096123
7.18999999999989	0.194280606614337
7.19999999999989	0.193806582989778
7.20999999999989	0.1933207150223
7.21999999999989	0.192804218859272
7.22999999999989	0.192306010204288
7.23999999999989	0.191841959348444
7.24999999999989	0.191392570080841
7.25999999999989	0.190947163967138
7.26999999999989	0.19047243299109
7.27999999999989	0.189953778775869
7.28999999999989	0.18944858834027
7.29999999999989	0.188982044421499
7.30999999999989	0.188500368098431
7.31999999999989	0.187987671263629
7.32999999999989	0.187495292359798
7.33999999999989	0.187040350063941
7.34999999999989	0.186590891393154
7.35999999999989	0.186127274882342
7.36999999999989	0.185641491094624
7.37999999999989	0.185140879846667
7.38999999999989	0.184665175398727
7.39999999999989	0.184214400905095
7.40999999999989	0.183753184941684
7.41999999999989	0.183307711081786
7.42999999999989	0.182896341769963
7.43999999999989	0.182471070248773
7.44999999999989	0.182013330365653
7.45999999999989	0.1815471085347
7.46999999999989	0.181085078491692
7.47999999999989	0.180635614125225
7.48999999999988	0.180189413521792
7.49999999999988	0.179731592309227
7.50999999999988	0.179294852096793
7.51999999999988	0.178887437556408
7.52999999999988	0.17845305944881
7.53999999999988	0.177980058544082
7.54999999999988	0.177525511614816
7.55999999999988	0.177114063320471
7.56999999999988	0.17671191142198
7.57999999999988	0.176287906740485
7.58999999999988	0.175842852165284
7.59999999999988	0.175405217255306
7.60999999999988	0.174973873175253
7.61999999999988	0.174524703174639
7.62999999999988	0.174092087379992
7.63999999999988	0.173694634522744
7.64999999999988	0.173296890435123
7.65999999999988	0.172905929963503
7.66999999999988	0.172535606482417
7.67999999999988	0.172125481492229
7.68999999999988	0.171640098156572
7.69999999999988	0.171177971938761
7.70999999999988	0.170809196240089
7.71999999999988	0.170449462159087
7.72999999999988	0.170036350269744
7.73999999999988	0.169621333022885
7.74999999999988	0.169230905570859
7.75999999999988	0.168835211975536
7.76999999999988	0.168446197666133
7.77999999999988	0.168078672979058
7.78999999999988	0.167705324848399
7.79999999999988	0.167325403581812
7.80999999999988	0.166959172990689
7.81999999999988	0.166588229252933
7.82999999999988	0.166195472921581
7.83999999999988	0.165810154875971
7.84999999999988	0.16538504395392
7.85999999999988	0.164843608248664
7.86999999999988	0.164321579268175
7.87999999999988	0.163924072773144
7.88999999999988	0.163538490846
7.89999999999988	0.16317011770518
7.90999999999988	0.162868325110995
7.91999999999988	0.162547126230176
7.92999999999988	0.162218275330729
7.93999999999988	0.161923465895839
7.94999999999987	0.161601572309179
7.95999999999987	0.161265807721755
7.96999999999987	0.16095605025187
7.97999999999987	0.154866400178636
7.98999999999987	0.137219728103524
7.99999999999987	0.121483691274777
8.00999999999987	0.122819000372207
8.01999999999987	0.13442042080253
8.02999999999987	0.144896219099207
8.03999999999987	0.151423861134578
8.04999999999987	0.154797139101327
8.05999999999987	0.156290824379031
8.06999999999987	0.156756050391174
8.07999999999987	0.156750990029334
8.08999999999987	0.156558635872259
8.09999999999987	0.156224366258501
8.10999999999987	0.155851598181401
8.11999999999987	0.155516941490768
8.12999999999987	0.15515469308475
8.13999999999987	0.154792342934264
8.14999999999987	0.154482421436335
8.15999999999987	0.154170762088447
8.16999999999987	0.153859320813323
8.17999999999987	0.153571693986816
8.18999999999987	0.153271241297149
8.19999999999987	0.152936281998809
8.20999999999987	0.152571616378445
8.21999999999987	0.152232334493313
8.22999999999987	0.151917872939664
8.23999999999987	0.151540329240565
8.24999999999987	0.151152889135829
8.25999999999987	0.150862639552954
8.26999999999987	0.150642220671155
8.27999999999987	0.15040715583543
8.28999999999987	0.150113392828853
8.29999999999987	0.149802549778832
8.30999999999987	0.149505709604741
8.31999999999987	0.14919344232834
8.32999999999987	0.148876397870455
8.33999999999987	0.148571826103938
8.34999999999987	0.148261896743883
8.35999999999987	0.147955275138475
8.36999999999987	0.147671379107687
8.37999999999987	0.147392511590977
8.38999999999987	0.147094244323381
8.39999999999987	0.146788531253598
8.40999999999987	0.14647529953578
8.41999999999986	0.146135840964381
8.42999999999986	0.145794587821802
8.43999999999986	0.145481625451088
8.44999999999986	0.145207515861122
8.45999999999986	0.144954973484273
8.46999999999986	0.144682453542594
8.47999999999986	0.144391869416316
8.48999999999986	0.144098185224785
8.49999999999986	0.143795319008718
8.50999999999986	0.143496788821104
8.51999999999986	0.14321738535063
8.52999999999986	0.142934124965441
8.53999999999986	0.14262705580661
8.54999999999986	0.142317053343129
8.55999999999986	0.142024936812137
8.56999999999986	0.141760797414589
8.57999999999986	0.141505082370259
8.58999999999986	0.141217948781746
8.59999999999986	0.140918976611775
8.60999999999986	0.140632012285585
8.61999999999986	0.140337843317142
8.62999999999986	0.140044330143181
8.63999999999986	0.139772648229503
8.64999999999986	0.139521387234034
8.65999999999986	0.139279769332532
8.66999999999986	0.139021173005874
8.67999999999986	0.13873183045669
8.68999999999986	0.138425623066031
8.69999999999986	0.138113310056103
8.70999999999986	0.137829091717258
8.71999999999986	0.137580248829383
8.72999999999986	0.137316364717124
8.73999999999986	0.137037682146516
8.74999999999986	0.136777587978075
8.75999999999986	0.136539540303079
8.76999999999986	0.136304295317485
8.77999999999986	0.136045973503353
8.78999999999986	0.13577245753141
8.79999999999986	0.135456208724219
8.80999999999986	0.135050454433175
8.81999999999986	0.134673074470303
8.82999999999986	0.13443647686118
8.83999999999986	0.134258156898641
8.84999999999986	0.134001694872628
8.85999999999986	0.133611122124683
8.86999999999986	0.133239106519413
8.87999999999986	0.133018854436952
8.88999999999985	0.132840386459982
8.89999999999985	0.132520036763871
8.90999999999985	0.131981801003038
8.91999999999985	0.131497833656062
8.92999999999985	0.131309519922576
8.93999999999985	0.131223747643043
8.94999999999985	0.130057211197001
8.95999999999985	0.126817873129615
8.96999999999985	0.123943933547263
8.97999999999985	0.119343091822952
8.98999999999985	0.106942300283582
8.99999999999985	0.094729024472321
9.00999999999985	0.0936938329095532
9.01999999999985	0.10097845447904
9.02999999999985	0.110356931803968
9.03999999999985	0.118367878693054
9.04999999999985	0.123471831869671
9.05999999999985	0.126122800079937
9.06999999999985	0.127241500258924
9.07999999999985	0.127575369528039
9.08999999999985	0.127604025675092
9.09999999999985	0.127587953825056
9.10999999999985	0.127568328825002
9.11999999999985	0.127491147543468
9.12999999999985	0.127320263832727
9.13999999999985	0.127081420719345
9.14999999999985	0.126819109184075
9.15999999999985	0.126582336420722
9.16999999999985	0.126392914838327
9.17999999999985	0.126206085092609
9.18999999999985	0.126002502011478
9.19999999999985	0.125799771374106
9.20999999999985	0.125559582246249
9.21999999999985	0.125237043226884
9.22999999999985	0.124914024232957
9.23999999999985	0.124689359453777
9.24999999999985	0.124531153788898
9.25999999999985	0.124374894041629
9.26999999999985	0.124213608831804
9.27999999999985	0.124033627900507
9.28999999999985	0.123802033165332
9.29999999999985	0.123546964969358
9.30999999999985	0.123314567714809
9.31999999999985	0.123089406246017
9.32999999999985	0.122841710338541
9.33999999999985	0.122608757177661
9.34999999999985	0.122427431975516
9.35999999999984	0.122257718469873
9.36999999999984	0.122072267948253
9.37999999999984	0.121882156391759
9.38999999999984	0.121692244595615
9.39999999999984	0.121505116273597
9.40999999999984	0.121302982007442
9.41999999999984	0.121066535134932
9.42999999999984	0.120816444186529
9.43999999999984	0.120577549195789
9.44999999999984	0.120353815128005
9.45999999999984	0.120141696266713
9.46999999999984	0.119951108681142
9.47999999999984	0.11977494924771
9.48999999999984	0.119574437100146
9.49999999999984	0.119354246182252
9.50999999999984	0.119144602603797
9.51999999999984	0.118950357140154
9.52999999999984	0.118766462561565
9.53999999999984	0.118587377367436
9.54999999999984	0.118409426483051
9.55999999999984	0.118230598344624
9.56999999999984	0.118051390330275
9.57999999999984	0.117855083281232
9.58999999999984	0.117625647799561
9.59999999999984	0.11738389270924
9.60999999999984	0.117152918591838
9.61999999999984	0.116934842111511
9.62999999999984	0.116724854154987
9.63999999999984	0.116526151684217
9.64999999999984	0.116343616919715
9.65999999999984	0.116173278140441
9.66999999999984	0.116009658555169
9.67999999999984	0.115848964001462
9.68999999999984	0.115646228125382
9.69999999999984	0.11535615991579
9.70999999999984	0.115034683526231
9.71999999999984	0.114752547282825
9.72999999999984	0.114555011205535
9.73999999999984	0.114453135858815
9.74999999999984	0.114372008873124
9.75999999999984	0.114254990943525
9.76999999999984	0.114105979441029
9.77999999999984	0.113874184962825
9.78999999999984	0.113505424737713
9.79999999999984	0.113092774032331
9.80999999999984	0.112745491560636
9.81999999999984	0.112531866226555
9.82999999999983	0.112487218310907
9.83999999999983	0.112512453923072
9.84999999999983	0.112499238782079
9.85999999999983	0.112431047845427
9.86999999999983	0.112282996788394
9.87999999999983	0.11202786286647
9.88999999999983	0.111638479862258
9.89999999999983	0.111099674432017
9.90999999999983	0.11045530161579
9.91999999999983	0.109751992078476
9.92999999999983	0.10912132860477
9.93999999999983	0.108680977882747
9.94999999999983	0.108403770480172
9.95999999999983	0.108228191474328
9.96999999999983	0.10828216629006
9.97999999999983	0.108735729245155
9.98999999999983	0.109421540181044
9.99999999999983	0.110133487836747
