# N mu
0	0.0270518468663504
0.01	0.0307577048098603
0.02	0.0338218680036051
0.03	0.0360646098338254
0.04	0.0406103451289815
0.05	0.0445380327094209
0.06	0.0479950882707945
0.07	0.0512498109822135
0.08	0.0546793160780473
0.09	0.0584430306835688
0.1	0.0584430306835688
0.11	0.0612886086725787
0.12	0.06434588454173
0.13	0.0676661937663777
0.14	0.0713232908575076
0.15	0.0750938393032846
0.16	0.0786302357728208
0.17	0.0818363341558804
0.18	0.0848143368250252
0.19	0.0876859233294887
0.2	0.0905354446845666
0.21	0.0934107741083175
0.22	0.0963364677936038
0.23	0.0993245378406438
0.24	0.102380869422091
0.25	0.105508534047753
0.26	0.108709362406541
0.27	0.111984650088259
0.28	0.11533546136099
0.29	0.118762755578458
0.3	0.122267438077969
0.31	0.125850379800467
0.32	0.129367867662863
0.33	0.132528559813301
0.34	0.135372267786423
0.35	0.138319844454457
0.36	0.14162975000936
0.37	0.145280303515673
0.38	0.149019413127889
0.39	0.152448765810736
0.4	0.155567182980228
0.41	0.158817110665696
0.42	0.162303427761276
0.43	0.165653924010376
0.44	0.168810699318987
0.45	0.172007033317301
0.46	0.175139330637057
0.47	0.178203421581334
0.48	0.181590502191143
0.49	0.18533397308737
0.5	0.188974811624524
0.51	0.192422564945061
0.52	0.195920348289308
0.53	0.19934944532077
0.54	0.202702493827802
0.55	0.206206570078274
0.56	0.209698646336323
0.57	0.21314207747072
0.58	0.216755408947304
0.59	0.220361983538115
0.6	0.223710938344011
0.61	0.22681742678518
0.62	0.229985929667246
0.63	0.23350658142163
0.64	0.237147370764831
0.65	0.240809675158311
0.66	0.244691898592295
0.67	0.248582333848717
0.68	0.252199475904916
0.69	0.2555552688051
0.7	0.258976250115983
0.71	0.262774534977069
0.72	0.266699825138189
0.73	0.270409860667473
0.74	0.273882719999316
0.75	0.277201278262344
0.76	0.280443019439189
0.77	0.283656968519012
0.78	0.28686936747192
0.79	0.29033750096382
0.8	0.294311695135166
0.810000000000001	0.29847148838292
0.820000000000001	0.302422476674771
0.830000000000001	0.306127718544491
0.840000000000001	0.309669839610903
0.850000000000001	0.313129137217665
0.860000000000001	0.316556964092562
0.870000000000001	0.319980930258989
0.880000000000001	0.323414465008828
0.890000000000001	0.326863656497889
0.900000000000001	0.330331099296999
0.910000000000001	0.333817813584866
0.920000000000001	0.337324137782488
0.930000000000001	0.340850121296781
0.940000000000001	0.344395693462337
0.950000000000001	0.347960731948201
0.960000000000001	0.351545092077758
0.970000000000001	0.355148616905552
0.980000000000001	0.358771142752295
0.990000000000001	0.362412499754385
1	0.366072513654114
1.01	0.369751004887092
1.02	0.373447789817894
1.03	0.377162679611977
1.04	0.38089548139614
1.05	0.384645997099492
1.06	0.388414024607108
1.07	0.392199356597285
1.08	0.396001781697049
1.09	0.399821083320494
1.1	0.403657040826365
1.11	0.407509428359176
1.12	0.411378016007926
1.13	0.415262568651284
1.14	0.419162847116313
1.15	0.423078607028978
1.16	0.427009599971706
1.17	0.43066003535197
1.18	0.433734118546012
1.19	0.436623593243369
1.2	0.439807765634059
1.21	0.443330911160245
1.22	0.447091962360615
1.23	0.450992762175236
1.24	0.454970396649839
1.25	0.458990841731524
1.26	0.46303732070067
1.27	0.466197828466189
1.28	0.467259708413805
1.29	0.468026046207306
1.3	0.471278459258509
1.31	0.476440076323966
1.32	0.481770309125093
1.33	0.486727937347457
1.34	0.490411093070179
1.35	0.491724348405107
1.36	0.492610899237325
1.37	0.495963079777153
1.38	0.501226674239939
1.39	0.506647227650084
1.4	0.51136952004335
1.41	0.515102519402253
1.42	0.518397897376103
1.43	0.521872555183414
1.44	0.525637913027557
1.45	0.529620080990415
1.46	0.532791882100741
1.47	0.533839928080801
1.48	0.534607034861702
1.49	0.537964611010894
1.5	0.543304376304016
1.51	0.54849945284514
1.52	0.552354579780742
1.53	0.555307663636735
1.54	0.558748137983967
1.55	0.562928228530258
1.56	0.566704447632509
1.57	0.568898993067919
1.58	0.570623604497937
1.59	0.57397425845774
1.6	0.578733450141174
1.61	0.582441546192162
1.62	0.583104326689692
1.63	0.58334247067623
1.64	0.586985428783567
1.65	0.592794223502421
1.66	0.598032846849634
1.67	0.602423176247839
1.68	0.606553076281383
1.69	0.610684012332441
1.7	0.613283291069176
1.71	0.612752707609556
1.72	0.612460809135383
1.73	0.616251980522184
1.74	0.621072324178466
1.75	0.622394572568645
1.76	0.622884010656654
1.77	0.627235462428272
1.78	0.632423459786222
1.79	0.633639153378505
1.8	0.634234438239092
1.81	0.639051969484064
1.82	0.644664114325726
1.83	0.645838751477745
1.84	0.645950545509029
1.85	0.649675332441252
1.86	0.654358070556302
1.87	0.658430881908306
1.88	0.663911216195542
1.89	0.66883388268044
1.9	0.670188721100779
1.91	0.671041899531757
1.92	0.675079269582199
1.93	0.680763903849325
1.94	0.686066682359051
1.95	0.69086578131343
1.96	0.69378687908413
1.97	0.693113225233915
1.98	0.692260690149737
1.99	0.694855715210489
2	0.698337214111494
2.01	0.701535882623688
2.02	0.706443900398589
2.03	0.710401326567938
2.04	0.709333069327726
2.05	0.707406787879115
2.06	0.709566416780721
2.07	0.709566416780721
2.08	0.712329723043875
2.09	0.715140415316325
2.1	0.719870912329039
2.11	0.723466914215756
2.12	0.726490051798501
2.13	0.730923399319158
2.14	0.734487411639071
2.15	0.737578558283143
2.16	0.741753663666506
2.17	0.745334234919286
2.18	0.748523187013945
2.19	0.752458857434276
2.2	0.756059167692288
2.21	0.759343506135782
2.22	0.763041712868875
2.23	0.766656149426004
2.24	0.770029081300152
2.25	0.77291389742843
2.26	0.774805386529321
2.27	0.776721129117094
2.28	0.778977040263224
2.29	0.780371534316787
2.29999999999999	0.781936861462271
2.30999999999999	0.784265650947888
2.31999999999999	0.7855442991364
2.32999999999999	0.786946992948102
2.33999999999999	0.789432069374849
2.34999999999999	0.790632831898661
2.35999999999999	0.791889575258924
2.36999999999999	0.794534598974299
2.37999999999999	0.795660153913267
2.38999999999999	0.796772595267132
2.39999999999999	0.799574857428014
2.40999999999999	0.800625361640368
2.41999999999999	0.801594196745564
2.42999999999999	0.804550499399459
2.43999999999999	0.80552598740663
2.44999999999999	0.805540844164494
2.45999999999999	0.808444760294072
2.46999999999999	0.813872746642557
2.47999999999999	0.819392495184681
2.48999999999999	0.822107251471532
2.49999999999999	0.823704680149533
2.50999999999999	0.826470482524753
2.51999999999999	0.827711797908533
2.52999999999999	0.828349109870262
2.53999999999999	0.832149879035004
2.54999999999999	0.838158107888793
2.55999999999999	0.842644021563312
2.56999999999999	0.843687234530115
2.57999999999999	0.8442086251824
2.58999999999999	0.845821482366444
2.59999999999999	0.84571111431963
2.60999999999999	0.845069292396656
2.61999999999999	0.846887132972893
2.62999999999999	0.850965602222337
2.63999999999999	0.855126286178413
2.64999999999999	0.856442215088081
2.65999999999999	0.857000276989338
2.66999999999999	0.858994117091098
2.67999999999999	0.859040280316787
2.68999999999999	0.857450346394273
2.69999999999999	0.857727126436808
2.70999999999999	0.861248068380351
2.71999999999999	0.866051533005387
2.72999999999999	0.867940326527409
2.73999999999999	0.867856431196255
2.74999999999999	0.869075108775652
2.75999999999999	0.872559762032899
2.76999999999998	0.876756313178283
2.77999999999998	0.877865832652078
2.78999999999998	0.877010227526955
2.79999999999998	0.878141120213395
2.80999999999998	0.882157409502328
2.81999999999998	0.886628166236203
2.82999999999998	0.887905144600982
2.83999999999998	0.887129456979631
2.84999999999998	0.887279428476536
2.85999999999998	0.889567509416344
2.86999999999998	0.894672778258283
2.87999999999998	0.900983492393522
2.88999999999998	0.904980512033461
2.89999999999998	0.904840720308195
2.90999999999998	0.903369177165111
2.91999999999998	0.903653559533522
2.92999999999998	0.906132455678701
2.93999999999998	0.909004880594158
2.94999999999998	0.909061141819431
2.95999999999998	0.907417693761864
2.96999999999998	0.907411729601797
2.97999999999998	0.909847929588152
2.98999999999998	0.91408220196211
2.99999999999998	0.918904711130749
3.00999999999998	0.922321439513811
3.01999999999998	0.922418879946533
3.02999999999998	0.920766369756047
3.03999999999998	0.920240701534285
3.04999999999998	0.922023989247072
3.05999999999998	0.926043553653109
3.06999999999998	0.930769749580321
3.07999999999998	0.933768307739201
3.08999999999998	0.933388986425973
3.09999999999998	0.931441717973868
3.10999999999998	0.930708972077327
3.11999999999998	0.931913334242987
3.12999999999998	0.934587499624439
3.13999999999998	0.938070601555862
3.14999999999998	0.940769626389128
3.15999999999998	0.94051892031038
3.16999999999998	0.938613086008175
3.17999999999998	0.937832721912586
3.18999999999998	0.938749253520876
3.19999999999998	0.940751065689584
3.20999999999998	0.943613418729828
3.21999999999998	0.947634268920786
3.22999999999998	0.95203505118664
3.23999999999997	0.954486669519068
3.24999999999997	0.953601550385661
3.25999999999997	0.951371609803665
3.26999999999997	0.950032521117172
3.27999999999997	0.950099558600057
3.28999999999997	0.951688021477479
3.29999999999997	0.954292500413845
3.30999999999997	0.957123391109413
3.31999999999997	0.959998241367752
3.32999999999997	0.961871319274014
3.33999999999997	0.960953381390671
3.34999999999997	0.958625272214856
3.35999999999997	0.957487247123805
3.36999999999997	0.958000184375263
3.37999999999997	0.959571479443235
3.38999999999997	0.961404860570093
3.39999999999997	0.963149683598753
3.40999999999997	0.965134883783808
3.41999999999997	0.967552613212188
3.42999999999997	0.970252216185149
3.43999999999997	0.972058945155652
3.44999999999997	0.971348641275123
3.45999999999997	0.969210204611198
3.46999999999997	0.967790514086803
3.47999999999997	0.967564208124065
3.48999999999997	0.968134245305396
3.49999999999997	0.969163848694647
3.50999999999997	0.970655514100132
3.51999999999997	0.972424474214471
3.52999999999997	0.974090346929647
3.53999999999997	0.975598889707837
3.54999999999997	0.977191029580718
3.55999999999997	0.978972058898565
3.56999999999997	0.980796824128706
3.57999999999997	0.982577548064081
3.58999999999997	0.984439724748408
3.59999999999997	0.986280090269594
3.60999999999997	0.986851785555929
3.61999999999997	0.985136321361661
3.62999999999997	0.982625682975703
3.63999999999997	0.981042622410879
3.64999999999997	0.98049104547468
3.65999999999997	0.980688110559906
3.66999999999997	0.981380072537479
3.67999999999997	0.982286298897768
3.68999999999997	0.983200193165839
3.69999999999997	0.984117055765566
3.70999999999996	0.985090592647578
3.71999999999996	0.986057939452751
3.72999999999996	0.986938093568575
3.73999999999996	0.987776182791222
3.74999999999996	0.988641949284726
3.75999999999996	0.989491204605398
3.76999999999996	0.990258130203577
3.77999999999996	0.990982780682893
3.78999999999996	0.991725463565792
3.79999999999996	0.992449463770448
3.80999999999996	0.993099401401325
3.81999999999996	0.993708250279386
3.82999999999996	0.994326042786966
3.83999999999996	0.994923238783273
3.84999999999996	0.995454804598844
3.85999999999996	0.995946564939417
3.86999999999996	0.996438228636653
3.87999999999996	0.99690744129469
3.88999999999996	0.997319540028545
3.89999999999996	0.997693184140869
3.90999999999996	0.998057734970287
3.91999999999996	0.998398037306152
3.92999999999996	0.998689819980114
3.93999999999996	0.998944565837001
3.94999999999996	0.999181271285107
3.95999999999996	0.99939198951818
3.96999999999996	0.999562855786262
3.97999999999996	0.999698169697737
3.98999999999996	0.99979173960257
3.99999999999996	0.9998243165831
4.00999999999996	0.999793693365345
4.01999999999996	0.999714960216417
4.02999999999996	0.999603241336695
4.03999999999996	0.99945373723439
4.04999999999996	0.999257181438252
4.05999999999996	0.999028684130642
4.06999999999996	0.998738342532703
4.07999999999996	0.998321259116183
4.08999999999996	0.997866919768944
4.09999999999996	0.99752234834911
4.10999999999996	0.997258533287496
4.11999999999996	0.996956369329475
4.12999999999996	0.996559844045623
4.13999999999996	0.996103359334087
4.14999999999996	0.995635613917612
4.15999999999996	0.99513260607473
4.16999999999996	0.994555416906727
4.17999999999996	0.99394146188734
4.18999999999996	0.993340286313969
4.19999999999995	0.992665696518675
4.20999999999995	0.991816419481384
4.21999999999995	0.990898869673585
4.22999999999995	0.990148272581976
4.23999999999995	0.989672070721216
4.24999999999995	0.989313892982672
4.25999999999995	0.988890266141223
4.26999999999995	0.988365033042746
4.27999999999995	0.987702160195366
4.28999999999995	0.986870933398758
4.29999999999995	0.985961795576528
4.30999999999995	0.985074159313521
4.31999999999995	0.984158401293732
4.32999999999995	0.983135180470701
4.33999999999995	0.982070395130412
4.34999999999995	0.981054626556568
4.35999999999995	0.980021306838416
4.36999999999995	0.978876192614607
4.37999999999995	0.977690057493913
4.38999999999995	0.976562705368821
4.39999999999995	0.97514678860428
4.40999999999995	0.97436885333567
4.41999999999995	0.975758334887293
4.42999999999995	0.978072567743382
4.43999999999995	0.979432917506172
4.44999999999995	0.979499947638146
4.45999999999995	0.978654035720091
4.46999999999995	0.977487253683041
4.47999999999995	0.976333450150814
4.48999999999995	0.975167985728336
4.49999999999995	0.973724886671525
4.50999999999995	0.971941066776517
4.51999999999995	0.970139018850475
4.52999999999995	0.968463067151331
4.53999999999995	0.966802194678866
4.54999999999995	0.965205603689137
4.55999999999995	0.963764942630554
4.56999999999995	0.961991245717915
4.57999999999995	0.960963843777176
4.58999999999995	0.962580796201799
4.59999999999995	0.965351506382177
4.60999999999995	0.966976045419011
4.61999999999995	0.96702949432664
4.62999999999995	0.965799062916909
4.63999999999995	0.963852591118507
4.64999999999995	0.961824185416605
4.65999999999995	0.959938286527134
4.66999999999994	0.957887680604139
4.67999999999994	0.955551699035174
4.68999999999994	0.953280569553772
4.69999999999994	0.950937236234823
4.70999999999994	0.949893210407997
4.71999999999994	0.95191694750551
4.72999999999994	0.954901739174334
4.73999999999994	0.956381566545258
4.74999999999994	0.95613774964263
4.75999999999994	0.954550763835646
4.76999999999994	0.952247489907986
4.77999999999994	0.949720708947485
4.78999999999994	0.94699685872908
4.79999999999994	0.944168058695199
4.80999999999994	0.941613970190579
4.81999999999994	0.939284490745254
4.82999999999994	0.936075606625421
4.83999999999994	0.933555076409895
4.84999999999994	0.934691407779665
4.85999999999994	0.937458429760336
4.86999999999994	0.9388095484045
4.87999999999994	0.938338475104481
4.88999999999994	0.936403310596556
4.89999999999994	0.933688871085115
4.90999999999994	0.93096829516715
4.91999999999994	0.928153593693296
4.92999999999994	0.926853636401496
4.93999999999994	0.928979900054646
4.94999999999994	0.931861429776694
4.95999999999994	0.932836432877469
4.96999999999994	0.931952652168336
4.97999999999994	0.929687113483528
4.98999999999994	0.926731778458137
4.99999999999994	0.923622324847129
5.00999999999994	0.920345822209408
5.01999999999994	0.91673740252561
5.02999999999994	0.912054383494564
5.03999999999994	0.908591463622851
5.04999999999994	0.909967693914227
5.05999999999994	0.91337495769902
5.06999999999994	0.914758818024038
5.07999999999994	0.913983554859116
5.08999999999994	0.911956064040511
5.09999999999994	0.908929481969852
5.10999999999994	0.907472550584435
5.11999999999994	0.909818223821541
5.12999999999994	0.91261476106485
5.13999999999993	0.913098090888304
5.14999999999993	0.911649908781757
5.15999999999993	0.908607999861755
5.16999999999993	0.904458268843316
5.17999999999993	0.900062866795106
5.18999999999993	0.895133547008214
5.19999999999993	0.891884024902865
5.20999999999993	0.893383086420633
5.21999999999993	0.89647727987542
5.22999999999993	0.897576361270044
5.23999999999993	0.896543317993299
5.24999999999993	0.893883728269476
5.25999999999993	0.890416471585612
5.26999999999993	0.88678789657731
5.27999999999993	0.881875577236626
5.28999999999993	0.877498458332657
5.29999999999993	0.877778178019968
5.30999999999993	0.880483216799719
5.31999999999993	0.88144533957149
5.32999999999993	0.879777463920076
5.33999999999993	0.876173345924256
5.34999999999993	0.870756891526764
5.35999999999993	0.866597215871318
5.36999999999993	0.868066477473848
5.37999999999993	0.871944109857733
5.38999999999993	0.873231012861208
5.39999999999993	0.871510859273214
5.40999999999993	0.868192120462424
5.41999999999993	0.863015927755462
5.42999999999993	0.858282592984625
5.43999999999993	0.858475906651741
5.44999999999993	0.861274007589209
5.45999999999993	0.862539215539603
5.46999999999993	0.861593108147553
5.47999999999993	0.858523827523836
5.48999999999993	0.852740151495719
5.49999999999993	0.84778135168533
5.50999999999993	0.848529345577557
5.51999999999993	0.851469291113464
5.52999999999993	0.851925365655949
5.53999999999993	0.850108519759721
5.54999999999993	0.8471458847501
5.55999999999993	0.841938929576968
5.56999999999993	0.836476317615178
5.57999999999993	0.835844250844733
5.58999999999993	0.838101073957675
5.59999999999993	0.838996950520714
5.60999999999992	0.837263119511715
5.61999999999992	0.835922613354532
5.62999999999992	0.838425834232084
5.63999999999992	0.841326896638328
5.64999999999992	0.841198424585134
5.65999999999992	0.838285260800248
5.66999999999992	0.833627410323897
5.67999999999992	0.827254961107932
5.68999999999992	0.822136738497201
5.69999999999992	0.822507807188281
5.70999999999992	0.824860038795846
5.71999999999992	0.824724800567337
5.72999999999992	0.82242705300146
5.73999999999992	0.818812911551754
5.74999999999992	0.81233964695021
5.75999999999992	0.805718389013086
5.76999999999992	0.80508354429622
5.77999999999992	0.808052083745291
5.78999999999992	0.809257635440168
5.79999999999992	0.806084741606002
5.80999999999992	0.801602792187624
5.81999999999992	0.801922716769851
5.82999999999992	0.804996391954871
5.83999999999992	0.806068056601508
5.84999999999992	0.803571826630595
5.85999999999992	0.801172747307008
5.86999999999992	0.803078224536248
5.87999999999992	0.805702503292714
5.88999999999992	0.805024280054822
5.89999999999992	0.80092457694464
5.90999999999992	0.79483742453213
5.91999999999992	0.786947326621643
5.92999999999992	0.78043617309176
5.93999999999992	0.780382644628942
5.94999999999992	0.783037209216797
5.95999999999992	0.782846126696765
5.96999999999992	0.778282205424593
5.97999999999992	0.773652435547815
5.98999999999992	0.774927805474164
5.99999999999992	0.778437463768348
6.00999999999992	0.778720990908877
6.01999999999992	0.774666272103406
6.02999999999992	0.770693176589183
6.03999999999992	0.771899103772725
6.04999999999992	0.774261912333095
6.05999999999992	0.773133132230119
6.06999999999992	0.768307712719526
6.07999999999991	0.764569628446121
6.08999999999991	0.766549718700357
6.09999999999991	0.769605041851102
6.10999999999991	0.768605053280492
6.11999999999991	0.763368237754266
6.12999999999991	0.759482253544839
6.13999999999991	0.761488934457178
6.14999999999991	0.764024467110707
6.15999999999991	0.762174671237309
6.16999999999991	0.756528648741226
6.17999999999991	0.753083543475641
6.18999999999991	0.75566660734535
6.19999999999991	0.758030487353286
6.20999999999991	0.755827183087984
6.21999999999991	0.750798440186308
6.22999999999991	0.744732485092131
6.23999999999991	0.736001410930038
6.24999999999991	0.727045746868097
6.25999999999991	0.724450023642875
6.26999999999991	0.725394532799566
6.27999999999991	0.72838505876854
6.28999999999991	0.735234414016698
6.29999999999991	0.739941290837335
6.30999999999991	0.738532346388849
6.31999999999991	0.732431782221075
6.32999999999991	0.72790231100415
6.33999999999991	0.729648548599812
6.34999999999991	0.732083130726742
6.35999999999991	0.730097791653516
6.36999999999991	0.723669895676617
6.37999999999991	0.718321446146604
6.38999999999991	0.719046962143586
6.39999999999991	0.720696743301264
6.40999999999991	0.718518516633028
6.41999999999991	0.71242197173126
6.42999999999991	0.707140320030033
6.43999999999991	0.707834473303925
6.44999999999991	0.710051902565352
6.45999999999991	0.708427330117015
6.46999999999991	0.701736226003901
6.47999999999991	0.695075547179031
6.48999999999991	0.694944877619543
6.49999999999991	0.69708073500625
6.50999999999991	0.695894185521202
6.51999999999991	0.689939688219171
6.52999999999991	0.68355242470933
6.53999999999991	0.683165323649353
6.5499999999999	0.684974589318339
6.5599999999999	0.68354091582669
6.5699999999999	0.67710823894294
6.5799999999999	0.669994610773247
6.5899999999999	0.669680153769644
6.5999999999999	0.672119368790529
6.6099999999999	0.674421230753077
6.6199999999999	0.679358029280449
6.6299999999999	0.682987034736529
6.6399999999999	0.681905697352965
6.6499999999999	0.675393031742242
6.6599999999999	0.667831098953824
6.6699999999999	0.666186554021828
6.6799999999999	0.667751484693123
6.6899999999999	0.667049591308985
6.6999999999999	0.661033755539955
6.7099999999999	0.653443261460129
6.7199999999999	0.651943371844301
6.7299999999999	0.653999124214612
6.7399999999999	0.653735181791272
6.7499999999999	0.647358013047889
6.7599999999999	0.638319370838263
6.7699999999999	0.635829806694811
6.7799999999999	0.636749622162548
6.7899999999999	0.637544756706344
6.7999999999999	0.641733272644697
6.8099999999999	0.645680869760013
6.8199999999999	0.64509904673822
6.8299999999999	0.638930206909952
6.8399999999999	0.631527245536957
6.8499999999999	0.630273356265519
6.8599999999999	0.631572288175278
6.8699999999999	0.633025901415828
6.8799999999999	0.6371710252328
6.8899999999999	0.639606881013006
6.8999999999999	0.637543628248468
6.9099999999999	0.630705120615997
6.9199999999999	0.622751746884715
6.9299999999999	0.620490376250127
6.9399999999999	0.621573239390601
6.9499999999999	0.620581787498512
6.9599999999999	0.613766155333591
6.9699999999999	0.604470726163963
6.9799999999999	0.601528119015201
6.9899999999999	0.601433358196404
6.9999999999999	0.601343563349899
7.0099999999999	0.605611368157889
7.01999999999989	0.610219195719639
7.02999999999989	0.609921737696883
7.03999999999989	0.602870515493966
7.04999999999989	0.593867367587915
7.05999999999989	0.591633631962963
7.06999999999989	0.591824926613891
7.07999999999989	0.590841646572113
7.08999999999989	0.593195709359878
7.09999999999989	0.596203433678201
7.10999999999989	0.595864863058455
7.11999999999989	0.590188446499375
7.12999999999989	0.582512362142716
7.13999999999989	0.580194336625903
7.14999999999989	0.57928503722729
7.15999999999989	0.577910327276136
7.16999999999989	0.58086134262262
7.17999999999989	0.58392561021009
7.18999999999989	0.582490232202093
7.19999999999989	0.575417870051319
7.20999999999989	0.567030028589812
7.21999999999989	0.565357903103686
7.22999999999989	0.565908627184802
7.23999999999989	0.56511596420094
7.24999999999989	0.567544531967425
7.25999999999989	0.570582703188691
7.26999999999989	0.569968267018112
7.27999999999989	0.563103518300195
7.28999999999989	0.553703903677973
7.29999999999989	0.550642939730658
7.30999999999989	0.549837900319878
7.31999999999989	0.54780317787078
7.32999999999989	0.549698279843197
7.33999999999989	0.551629550001483
7.34999999999989	0.552213734059731
7.35999999999989	0.555673307644534
7.36999999999989	0.558074225658566
7.37999999999989	0.556223369310309
7.38999999999989	0.549327367928195
7.39999999999989	0.540917178656191
7.40999999999989	0.538173829925523
7.41999999999989	0.53674496748317
7.42999999999989	0.53433735684092
7.43999999999989	0.536365128011079
7.44999999999989	0.539156721317544
7.45999999999989	0.541492755164374
7.46999999999989	0.546094676397673
7.47999999999989	0.548140368248544
7.48999999999988	0.545010295670189
7.49999999999988	0.536410488411183
7.50999999999988	0.526409298086356
7.51999999999988	0.522570302092972
7.52999999999988	0.520837153233571
7.53999999999988	0.519062146864116
7.54999999999988	0.521754180603707
7.55999999999988	0.524682953341486
7.56999999999988	0.522962991100699
7.57999999999988	0.514842794913458
7.58999999999988	0.504905327893193
7.59999999999988	0.502219050824099
7.60999999999988	0.501939543791197
7.61999999999988	0.499680818940929
7.62999999999988	0.500797536948093
7.63999999999988	0.501449271551538
7.64999999999988	0.500079256649879
7.65999999999988	0.502530279326391
7.66999999999988	0.505169669829921
7.67999999999988	0.506616627759651
7.68999999999988	0.510042697181268
7.69999999999988	0.511255178957918
7.70999999999988	0.507737153614983
7.71999999999988	0.498788145843814
7.72999999999988	0.488262576459377
7.73999999999988	0.484524216324888
7.74999999999988	0.483365477210705
7.75999999999988	0.481201828737397
7.76999999999988	0.482947628597811
7.77999999999988	0.484485845650421
7.78999999999988	0.484107374270811
7.79999999999988	0.486612023075607
7.80999999999988	0.489022229375147
7.81999999999988	0.487601319715956
7.82999999999988	0.480078449219121
7.83999999999988	0.469753452864306
7.84999999999988	0.465481867766153
7.85999999999988	0.463501803529512
7.86999999999988	0.460417133934352
7.87999999999988	0.461744597884625
7.88999999999988	0.462859809376424
7.89999999999988	0.461263019936577
7.90999999999988	0.462632567229057
7.91999999999988	0.463110876158344
7.92999999999988	0.461842960412225
7.93999999999988	0.464354882481602
7.94999999999987	0.466425489847816
7.95999999999987	0.466986628338669
7.96999999999987	0.469642472709409
7.97999999999987	0.470415662888857
7.98999999999987	0.466796189085478
7.99999999999987	0.458024528699844
8.00999999999987	0.447761148954942
8.01999999999987	0.443814262949435
8.02999999999987	0.441531035725517
8.03999999999987	0.437781245351614
8.04999999999987	0.438481007888066
8.05999999999987	0.439206958749695
8.06999999999987	0.437439042288095
8.07999999999987	0.438676732070683
8.08999999999987	0.439100146247198
8.09999999999987	0.437834432470147
8.10999999999987	0.440283271317991
8.11999999999987	0.442009104217794
8.12999999999987	0.441655423110282
8.13999999999987	0.443453857768222
8.14999999999987	0.444300819837284
8.15999999999987	0.441386564384218
8.16999999999987	0.433092602955843
8.17999999999987	0.422556642470787
8.18999999999987	0.418123794643462
8.19999999999987	0.415784546951596
8.20999999999987	0.411894304741856
8.21999999999987	0.412369224851474
8.22999999999987	0.413227220425099
8.23999999999987	0.411411362958006
8.24999999999987	0.41247386285397
8.25999999999987	0.412778053449401
8.26999999999987	0.410608016723414
8.27999999999987	0.411824114426185
8.28999999999987	0.412379451285898
8.29999999999987	0.410096704361561
8.30999999999987	0.410522986365477
8.31999999999987	0.410621967183983
8.32999999999987	0.409314216309076
8.33999999999987	0.411137900052904
8.34999999999987	0.412008142471225
8.35999999999987	0.411035668636927
8.36999999999987	0.412394138210536
8.37999999999987	0.413018263137684
8.38999999999987	0.409855261600387
8.39999999999987	0.401028694452875
8.40999999999987	0.390132979713571
8.41999999999986	0.385649680762754
8.42999999999986	0.383143988096361
8.43999999999986	0.379173660224644
8.44999999999986	0.379755427065346
8.45999999999986	0.380240444363539
8.46999999999986	0.377535553341215
8.47999999999986	0.377986621416566
8.48999999999986	0.378029894702003
8.49999999999986	0.375560521276029
8.50999999999986	0.376682927918233
8.51999999999986	0.377302673015713
8.52999999999986	0.374903502205614
8.53999999999986	0.375089628813772
8.54999999999986	0.374257514463168
8.55999999999986	0.371303602742195
8.56999999999986	0.372189006448293
8.57999999999986	0.372444074935401
8.58999999999986	0.370034771351774
8.59999999999986	0.370550415318305
8.60999999999986	0.370294454051092
8.61999999999986	0.368095417380868
8.62999999999986	0.3692669130818
8.63999999999986	0.369577787549914
8.64999999999986	0.367448169155639
8.65999999999986	0.367697491553081
8.66999999999986	0.366576524442053
8.67999999999986	0.363898202373131
8.68999999999986	0.364836057700011
8.69999999999986	0.364787254956935
8.70999999999986	0.362647094120717
8.71999999999986	0.363222884176361
8.72999999999986	0.362672338875888
8.73999999999986	0.360739395404422
8.74999999999986	0.361709689359319
8.75999999999986	0.360964550525057
8.76999999999986	0.358431502048832
8.77999999999986	0.358819238909337
8.78999999999986	0.357935091774573
8.79999999999986	0.355998364361554
8.80999999999986	0.357288867085184
8.81999999999986	0.357103563670235
8.82999999999986	0.3553077080985
8.83999999999986	0.355733652753866
8.84999999999986	0.354167425097503
8.85999999999986	0.351842320561635
8.86999999999986	0.35294173154706
8.87999999999986	0.352421887196589
8.88999999999985	0.350622549827176
8.89999999999985	0.351126286586875
8.90999999999985	0.349385189114234
8.91999999999985	0.347135680654435
8.92999999999985	0.34833987235025
8.93999999999985	0.34764859430251
8.94999999999985	0.34216892240391
8.95999999999985	0.331759303864742
8.96999999999985	0.320569818929207
8.97999999999985	0.316403224301517
8.98999999999985	0.314164366420359
8.99999999999985	0.309565190097229
9.00999999999985	0.308546320640441
9.01999999999985	0.307354874275244
9.02999999999985	0.303036786983205
9.03999999999985	0.305961808680097
9.04999999999985	0.316781598089833
9.05999999999985	0.323679948468061
9.06999999999985	0.326012277838582
9.07999999999985	0.328463461785461
9.08999999999985	0.327404492931041
9.09999999999985	0.324824021099792
9.10999999999985	0.325443352178168
9.11999999999985	0.324396037400913
9.12999999999985	0.321733549125671
9.13999999999985	0.32143624000404
9.14999999999985	0.319299063838303
9.15999999999985	0.316126473092666
9.16999999999985	0.31614899565975
9.17999999999985	0.314495705343409
9.18999999999985	0.311168089733907
9.19999999999985	0.310818063447969
9.20999999999985	0.309347234950304
9.21999999999985	0.306598140661192
9.22999999999985	0.306789300918135
9.23999999999985	0.305476641411293
9.24999999999985	0.302222448062165
9.25999999999985	0.301585000950324
9.26999999999985	0.29964986951513
9.27999999999985	0.296308723644261
9.28999999999985	0.296465061112288
9.29999999999985	0.295799423056767
9.30999999999985	0.292964924281326
9.31999999999985	0.292501785192157
9.32999999999985	0.290901713942442
9.33999999999985	0.287636492200103
9.34999999999985	0.287510043129658
9.35999999999984	0.286384795224707
9.36999999999984	0.282980588995214
9.37999999999984	0.282280665758396
9.38999999999984	0.280675161189005
9.39999999999984	0.27725559968652
9.40999999999984	0.277357430812885
9.41999999999984	0.276988334173889
9.42999999999984	0.274061256747163
9.43999999999984	0.273562736680394
9.44999999999984	0.272288875405627
9.45999999999984	0.268954713810835
9.46999999999984	0.268791438775454
9.47999999999984	0.267981289213622
9.48999999999984	0.264517525838469
9.49999999999984	0.263796156880325
9.50999999999984	0.262514628409784
9.51999999999984	0.259040454518533
9.52999999999984	0.258898425852829
9.53999999999984	0.25820863045842
9.54999999999984	0.254675892077888
9.55999999999984	0.254012774956419
9.56999999999984	0.252869734303556
9.57999999999984	0.249335397778728
9.58999999999984	0.249438473884756
9.59999999999984	0.249456657884923
9.60999999999984	0.245675901111178
9.61999999999984	0.246320345404386
9.62999999999984	0.253296413857121
9.63999999999984	0.257520706233974
9.64999999999984	0.257830422876975
9.65999999999984	0.25923051102357
9.66999999999984	0.258554866395844
9.67999999999984	0.255144781180779
9.68999999999984	0.253981031982978
9.69999999999984	0.252270593306735
9.70999999999984	0.249028878935088
9.71999999999984	0.248724055790566
9.72999999999984	0.247804499508657
9.73999999999984	0.244629585168378
9.74999999999984	0.243888677934848
9.75999999999984	0.242360828132466
9.76999999999984	0.238578608681285
9.77999999999984	0.237847790421829
9.78999999999984	0.236950944381397
9.79999999999984	0.233551944980056
9.80999999999984	0.23272313065828
9.81999999999984	0.231646997310952
9.82999999999983	0.228383519624732
9.83999999999983	0.228167334605523
9.84999999999983	0.227675054722186
9.85999999999983	0.223708897555784
9.86999999999983	0.224049269021853
9.87999999999983	0.230273519355684
9.88999999999983	0.233606952995509
9.89999999999983	0.233356353203794
9.90999999999983	0.234526669884478
9.91999999999983	0.233724371479287
9.92999999999983	0.230374025205001
9.93999999999983	0.229374392079171
9.94999999999983	0.227530733948172
9.95999999999983	0.223810107242371
9.96999999999983	0.223118155815474
9.97999999999983	0.219686708397447
9.98999999999983	0.205151618225132
9.99999999999983	0.184519523993002
