# N mu
1.11	0.0116503275216638
1.12	0.0137516248942672
1.13	0.0160180217263641
1.14	0.018446707410559
1.15	0.0210348851645218
1.16	0.023779772758275
1.17	0.0266651957556775
1.18	0.0295490316941979
1.19	0.0321960332111305
1.2	0.0346585269336454
1.21	0.0372865714815723
1.22	0.040288038178177
1.23	0.0436412957188992
1.24	0.0472676008254912
1.25	0.0511023373702353
1.26	0.0551055580476235
1.27	0.059101351177008
1.28	0.0627482087674387
1.29	0.066048761636126
1.3	0.0694551787572396
1.31	0.0732828996476955
1.32	0.0775291338262502
1.33	0.0820908335272867
1.34	0.0867274840906738
1.35	0.0910318745381062
1.36	0.0949226377496333
1.37	0.0988374886106601
1.38	0.103165707306638
1.39	0.107954505464183
1.4	0.113083890754958
1.41	0.118219831426402
1.42	0.122884406191942
1.43	0.127123303522214
1.44	0.131528379288841
1.45	0.136452786121879
1.46	0.141708640193088
1.47	0.146777857385382
1.48	0.151413344584793
1.49	0.155994812500521
1.5	0.160993635690234
1.51	0.166493816508016
1.52	0.172108354703884
1.53	0.177267370152702
1.54	0.182016792899853
1.55	0.186985738578726
1.56	0.192458439469616
1.57	0.198043178198925
1.58	0.203230606100858
1.59	0.20815611371861
1.6	0.213401877914581
1.61	0.219012040604706
1.62	0.224400544770906
1.63	0.229399771529137
1.64	0.234560050331602
1.65	0.240297364443035
1.66	0.246316222166914
1.67	0.251934288846332
1.68	0.257104347547844
1.69	0.262498306531175
1.7	0.268248370268795
1.71	0.273736315037954
1.72	0.278860325560621
1.73	0.284263885372741
1.74	0.290017644446532
1.75	0.295429537306013
1.76	0.300491614911715
1.77	0.305982505604027
1.78	0.311863547570716
1.79	0.317284188477215
1.8	0.322338186901941
1.81	0.327950852504748
1.82	0.333974268666221
1.83	0.339397462531377
1.84	0.344419607883554
1.85	0.350013312175548
1.86	0.356011293715526
1.87	0.361737031800846
1.88	0.367332381013284
1.89	0.37309335610617
1.9	0.378678006946218
1.91	0.383969530133543
1.92	0.389527555822069
1.93	0.395466914182971
1.94	0.401173490395376
1.95	0.406546636624092
1.96	0.411940376276855
1.97	0.41715005593532
1.98	0.422183176680965
1.99	0.427584964564631
2	0.433274098853766
2.01	0.438772084987074
2.02	0.444238017760435
2.03	0.449721844944513
2.04	0.454620408712991
2.05	0.459446569002772
2.06	0.465414366256456
2.07	0.465414366256456
2.08	0.470350684545545
2.09	0.475397817670646
2.1	0.480828335276075
2.11	0.486330948813473
2.12	0.491630591412954
2.13	0.497036520892762
2.14	0.502512364822277
2.15	0.507797831614059
2.16	0.513084664484143
2.17	0.518485023013616
2.18	0.523728040837941
2.19	0.528899722221705
2.2	0.534215507979933
2.21	0.539403466529659
2.22	0.544469588026042
2.23	0.549694082441338
2.24	0.554815460378201
2.25	0.559748939861683
2.26	0.564765466492703
2.27	0.569711071738002
2.28	0.574532821050126
2.29	0.579413038118671
2.29999999999999	0.584242420055222
2.30999999999999	0.589006004424929
2.31999999999999	0.59376807026277
2.32999999999999	0.598482665826876
2.33999999999999	0.60320216294021
2.34999999999999	0.607842577674317
2.35999999999999	0.612433198021169
2.36999999999999	0.617117407794183
2.37999999999999	0.621630564663953
2.38999999999999	0.626087301992603
2.39999999999999	0.630744412208107
2.40999999999999	0.63512467616109
2.41999999999999	0.639437794017373
2.42999999999999	0.644075759452866
2.43999999999999	0.64831761760119
2.44999999999999	0.652372719043471
2.45999999999999	0.657128753156144
2.46999999999999	0.662279504126884
2.47999999999999	0.667232352298668
2.48999999999999	0.671766397336231
2.49999999999999	0.676114817463597
2.50999999999999	0.680564106584805
2.51999999999999	0.684784952146429
2.52999999999999	0.688931603931628
2.53999999999999	0.693547441237812
2.54999999999999	0.698300646673434
2.55999999999999	0.702710306036076
2.56999999999999	0.706770473116702
2.57999999999999	0.710768652462953
2.58999999999999	0.714806037943907
2.59999999999999	0.718502661682801
2.60999999999999	0.72211172616309
2.61999999999999	0.726221424414894
2.62999999999999	0.730632248719153
2.63999999999999	0.734847884883192
2.64999999999999	0.738562315103286
2.65999999999999	0.742210047502191
2.66999999999999	0.746049184130103
2.67999999999999	0.749357292559125
2.68999999999999	0.752374665904728
2.69999999999999	0.755952179649098
2.70999999999999	0.760161538146008
2.71999999999999	0.764490006629818
2.72999999999999	0.768142779457042
2.73999999999999	0.771383561622881
2.74999999999999	0.775012542049416
2.75999999999999	0.779103421117976
2.76999999999998	0.783107940865315
2.77999999999998	0.786261543161154
2.78999999999998	0.789108688840048
2.79999999999998	0.792683373373935
2.80999999999998	0.796871249433221
2.81999999999998	0.800918050487838
2.82999999999998	0.804130024135058
2.83999999999998	0.806855163951454
2.84999999999998	0.809840529628207
2.85999999999998	0.813364755130873
2.86999999999998	0.817478416882636
2.87999999999998	0.821682926640057
2.88999999999998	0.825272580461804
2.89999999999998	0.828032943688549
2.90999999999998	0.83058508044721
2.91999999999998	0.833595395901464
2.92999999999998	0.837024463666785
2.93999999999998	0.840257712456935
2.94999999999998	0.84262287478658
2.95999999999998	0.844698277066372
2.96999999999998	0.847431549635917
2.97999999999998	0.850833349679963
2.98999999999998	0.854611889322301
2.99999999999998	0.858372340156237
3.00999999999998	0.861560942592506
3.01999999999998	0.86387976584866
3.02999999999998	0.865880614249538
3.03999999999998	0.868249513877485
3.04999999999998	0.871163649344257
3.05999999999998	0.874584059320263
3.06999999999998	0.878085125978752
3.07999999999998	0.880996110995859
3.08999999999998	0.8830145823111
3.09999999999998	0.884740137015397
3.10999999999998	0.88687184183747
3.11999999999998	0.889498784399416
3.12999999999998	0.892491403676385
3.13999999999998	0.895599770796487
3.14999999999998	0.898223706771004
3.15999999999998	0.899834038123152
3.16999999999998	0.901072257747503
3.17999999999998	0.902835087883156
3.18999999999998	0.905171514120032
3.19999999999998	0.907847608075554
3.20999999999998	0.910761803660846
3.21999999999998	0.913900028528996
3.22999999999998	0.916973191681883
3.23999999999997	0.919334956381879
3.24999999999997	0.920650615026029
3.25999999999997	0.921553446294362
3.26999999999997	0.9227643596702
3.27999999999997	0.924550641832303
3.28999999999997	0.926970378101287
3.29999999999997	0.929699040811638
3.30999999999997	0.93239496558648
3.31999999999997	0.934964081912278
3.32999999999997	0.936858698969068
3.33999999999997	0.937458468538549
3.34999999999997	0.937638204878944
3.35999999999997	0.938558372364949
3.36999999999997	0.940273872536359
3.37999999999997	0.942477564891707
3.38999999999997	0.94480386894866
3.39999999999997	0.946999191486105
3.40999999999997	0.949169604980689
3.41999999999997	0.951484576298234
3.42999999999997	0.953849845804157
3.43999999999997	0.955548385741067
3.44999999999997	0.955893371076654
3.45999999999997	0.955649801229785
3.46999999999997	0.955883295157607
3.47999999999997	0.956732780713481
3.48999999999997	0.958002760521308
3.49999999999997	0.959602978622652
3.50999999999997	0.961521004030863
3.51999999999997	0.963535564879658
3.52999999999997	0.965418657929468
3.53999999999997	0.967217404600355
3.54999999999997	0.969054228804594
3.55999999999997	0.970915266083345
3.56999999999997	0.972740075541086
3.57999999999997	0.97449979309866
3.58999999999997	0.976192669254718
3.59999999999997	0.977757038427057
3.60999999999997	0.978450015827287
3.61999999999997	0.977624044101776
3.62999999999997	0.976298073582572
3.63999999999997	0.975679392801509
3.64999999999997	0.975863656574051
3.65999999999997	0.976589283550681
3.66999999999997	0.97760752183346
3.67999999999997	0.978752889041532
3.68999999999997	0.979933131895219
3.69999999999997	0.98110938820854
3.70999999999996	0.982267417911672
3.71999999999996	0.983395063764204
3.72999999999996	0.984483475875444
3.73999999999996	0.985534763061883
3.74999999999996	0.986553533835409
3.75999999999996	0.98753592266202
3.76999999999996	0.988476605941398
3.77999999999996	0.98937914482574
3.78999999999996	0.990248731832756
3.79999999999996	0.991081741555339
3.80999999999996	0.99187294964167
3.81999999999996	0.992625951413326
3.82999999999996	0.993345949368152
3.83999999999996	0.994029328513402
3.84999999999996	0.994670872850437
3.85999999999996	0.995274177767013
3.86999999999996	0.995844443428475
3.87999999999996	0.996378059463561
3.88999999999996	0.99686981527507
3.89999999999996	0.997323306321604
3.90999999999996	0.997743731210046
3.91999999999996	0.998127483372292
3.92999999999996	0.99846935653641
3.93999999999996	0.998772946938611
3.94999999999996	0.999043452662485
3.95999999999996	0.999277270221334
3.96999999999996	0.999469196627861
3.97999999999996	0.999622829615657
3.98999999999996	0.999728554451604
3.99999999999996	0.999767956677047
4.00999999999996	0.999740773327092
4.01999999999996	0.999659931266284
4.02999999999996	0.999537762997144
4.03999999999996	0.999374875290867
4.04999999999996	0.999168242857237
4.05999999999996	0.998922504908324
4.06999999999996	0.998595188225944
4.07999999999996	0.998134753362326
4.08999999999996	0.997648420431764
4.09999999999996	0.997266429986024
4.10999999999996	0.996936943670337
4.11999999999996	0.996561270728024
4.12999999999996	0.996110966911468
4.13999999999996	0.995595983841769
4.14999999999996	0.995032099342688
4.15999999999996	0.994423306836597
4.16999999999996	0.99376870904984
4.17999999999996	0.993074087487371
4.18999999999996	0.992345670649891
4.19999999999995	0.991565449970761
4.20999999999995	0.990713554846256
4.21999999999995	0.989820921546739
4.22999999999995	0.989028074004311
4.23999999999995	0.988419914779334
4.24999999999995	0.987835785353702
4.25999999999995	0.987136557612602
4.26999999999995	0.986336034523566
4.27999999999995	0.985443818110243
4.28999999999995	0.984459756513966
4.29999999999995	0.983403338422535
4.30999999999995	0.982294458773815
4.31999999999995	0.981139067318673
4.32999999999995	0.979937203965273
4.33999999999995	0.978695129258079
4.34999999999995	0.977419310799976
4.35999999999995	0.97610667637933
4.36999999999995	0.974752229788897
4.37999999999995	0.973359719543935
4.38999999999995	0.9719344457765
4.39999999999995	0.970382993698481
4.40999999999995	0.969588876200534
4.41999999999995	0.970509767403874
4.42999999999995	0.971938096214751
4.43999999999995	0.972490633976443
4.44999999999995	0.972110960327225
4.45999999999995	0.971130396268957
4.46999999999995	0.969855352603454
4.47999999999995	0.968444406822218
4.48999999999995	0.966958773964361
4.49999999999995	0.965291017342269
4.50999999999995	0.963326700717935
4.51999999999995	0.961236210639562
4.52999999999995	0.959216586227743
4.53999999999995	0.957284223818923
4.54999999999995	0.955403702877808
4.55999999999995	0.953541435168825
4.56999999999995	0.951578012128775
4.57999999999995	0.950419940512419
4.58999999999995	0.951102845920192
4.59999999999995	0.952414691754155
4.60999999999995	0.952801584984922
4.61999999999995	0.952077195730581
4.62999999999995	0.950528285985762
4.63999999999995	0.948453772778714
4.64999999999995	0.946186018032741
4.65999999999995	0.943960791772643
4.66999999999994	0.941664928827608
4.67999999999994	0.939126604830533
4.68999999999994	0.936499852694392
4.69999999999994	0.933938401040793
4.70999999999994	0.932447733654905
4.71999999999994	0.932941863037396
4.72999999999994	0.934006665561347
4.73999999999994	0.93406735579536
4.74999999999994	0.933007904054075
4.75999999999994	0.931139060846783
4.76999999999994	0.928759602302661
4.77999999999994	0.9260604503187
4.78999999999994	0.923136796989917
4.79999999999994	0.920191380672672
4.80999999999994	0.917409983539689
4.81999999999994	0.914616939500278
4.82999999999994	0.911420267234185
4.83999999999994	0.909072483828156
4.84999999999994	0.909042580657513
4.85999999999994	0.909806085945691
4.86999999999994	0.90950307142386
4.87999999999994	0.907986638725575
4.88999999999994	0.90559642143413
4.89999999999994	0.902659898578341
4.90999999999994	0.899555187682728
4.91999999999994	0.896509411913434
4.92999999999994	0.894593508559132
4.93999999999994	0.894684257094755
4.94999999999994	0.895211619868136
4.95999999999994	0.894609487079483
4.96999999999994	0.892869965534355
4.97999999999994	0.890340206132608
4.98999999999994	0.887319820475953
4.99999999999994	0.883992419747838
5.00999999999994	0.880446803149656
5.01999999999994	0.876721707325413
5.02999999999994	0.872644411821745
5.03999999999994	0.869633245792892
5.04999999999994	0.869306679901401
5.05999999999994	0.869939051371244
5.06999999999994	0.869419781248292
5.07999999999994	0.867577154861635
5.08999999999994	0.864792735977807
5.09999999999994	0.861403433662756
5.10999999999994	0.858931368887252
5.11999999999994	0.85857037196181
5.12999999999994	0.858689894690607
5.13999999999993	0.857674219180644
5.14999999999993	0.855538011763843
5.15999999999993	0.852481010729208
5.16999999999993	0.848646211962767
5.17999999999993	0.844387828081323
5.18999999999993	0.839915803750373
5.19999999999993	0.83674053557374
5.20999999999993	0.836219148696999
5.21999999999993	0.836468112903916
5.22999999999993	0.835511299100242
5.23999999999993	0.833287977713642
5.24999999999993	0.830182435158152
5.25999999999993	0.826534084775838
5.26999999999993	0.82255197741622
5.27999999999993	0.818095673422726
5.28999999999993	0.814533429275686
5.29999999999993	0.813505727298342
5.30999999999993	0.813398886185068
5.31999999999993	0.812030516688426
5.32999999999993	0.809076658600751
5.33999999999993	0.805082698822576
5.34999999999993	0.800425430647825
5.35999999999993	0.796845089877367
5.36999999999993	0.796122687395596
5.37999999999993	0.796434104867877
5.38999999999993	0.795377140175916
5.39999999999993	0.792609461049426
5.40999999999993	0.788717367097007
5.41999999999993	0.78405731045742
5.42999999999993	0.780252796649139
5.43999999999993	0.779051598611372
5.44999999999993	0.778807546041566
5.45999999999993	0.777442407121079
5.46999999999993	0.774785348018758
5.47999999999993	0.771009712905866
5.48999999999993	0.766069494570767
5.49999999999993	0.761944383899138
5.50999999999993	0.760651867668361
5.51999999999993	0.760266871723124
5.52999999999993	0.758613401533641
5.53999999999993	0.755654146058097
5.54999999999993	0.751806857832927
5.55999999999993	0.747060921796292
5.56999999999993	0.742911063483767
5.57999999999993	0.741255423545484
5.58999999999993	0.740553164302612
5.59999999999993	0.73873626806463
5.60999999999992	0.735598478983965
5.61999999999992	0.73289941238104
5.62999999999992	0.732136873388781
5.63999999999992	0.731642094038954
5.64999999999992	0.729632737812365
5.65999999999992	0.726094423628597
5.66999999999992	0.721621033025921
5.67999999999992	0.716540642105738
5.68999999999992	0.712431133083345
5.69999999999992	0.71079929619721
5.70999999999992	0.709829079691866
5.71999999999992	0.707618124036626
5.72999999999992	0.704202828442941
5.73999999999992	0.699777810789694
5.74999999999992	0.694085084421184
5.75999999999992	0.68911746706325
5.76999999999992	0.68735564228544
5.77999999999992	0.686952291576255
5.78999999999992	0.685169569964936
5.79999999999992	0.681296588042685
5.80999999999992	0.677413829964608
5.81999999999992	0.675970338023158
5.82999999999992	0.675465754258762
5.83999999999992	0.673582371583068
5.84999999999992	0.669927627497675
5.85999999999992	0.666555413053647
5.86999999999992	0.665301596909354
5.87999999999992	0.664470708021018
5.88999999999992	0.661988362497668
5.89999999999992	0.657621385265086
5.90999999999992	0.652167005099979
5.91999999999992	0.646114374548571
5.92999999999992	0.641267480450992
5.93999999999992	0.639445782457027
5.94999999999992	0.638527890993684
5.95999999999992	0.636020224635826
5.96999999999992	0.631515505877084
5.97999999999992	0.627374800294542
5.98999999999992	0.62601928443314
5.99999999999992	0.625507068626707
6.00999999999992	0.623363174567314
6.01999999999992	0.619252932226309
6.02999999999992	0.615395999171531
6.03999999999992	0.613806803413406
6.04999999999992	0.612610435253504
6.05999999999992	0.609772549640577
6.06999999999992	0.605232309867687
6.07999999999991	0.601272645367258
6.08999999999991	0.599849298361017
6.09999999999991	0.598992420270738
6.10999999999991	0.596354151386227
6.11999999999991	0.59164556864269
6.12999999999991	0.587406651894349
6.13999999999991	0.58577582091665
6.14999999999991	0.584701958012712
6.15999999999991	0.581842625555104
6.16999999999991	0.57698645810334
6.17999999999991	0.572717472103965
6.18999999999991	0.571106542201193
6.19999999999991	0.569996739207407
6.20999999999991	0.567241875588642
6.21999999999991	0.562879773712147
6.22999999999991	0.557363374412508
6.23999999999991	0.55052490597471
6.24999999999991	0.544405371308032
6.25999999999991	0.541562099479893
6.26999999999991	0.539897800376283
6.27999999999991	0.538625040598102
6.28999999999991	0.538967043786749
6.29999999999991	0.538920228416137
6.30999999999991	0.536463270879748
6.31999999999991	0.53166056488129
6.32999999999991	0.527288515270124
6.33999999999991	0.525602795157097
6.34999999999991	0.524497897655256
6.35999999999991	0.521557121316603
6.36999999999991	0.51648482932623
6.37999999999991	0.511870173615339
6.38999999999991	0.509873970925734
6.39999999999991	0.508318457473449
6.40999999999991	0.505054895076555
6.41999999999991	0.500019373730808
6.42999999999991	0.495549971945052
6.43999999999991	0.493686138667252
6.44999999999991	0.492346228527455
6.45999999999991	0.489093858673377
6.46999999999991	0.483463708744499
6.47999999999991	0.478231174687729
6.48999999999991	0.476080872464507
6.49999999999991	0.474731571966547
6.50999999999991	0.471610283540891
6.51999999999991	0.466327011124807
6.52999999999991	0.461357007424757
6.53999999999991	0.459179597921712
6.5499999999999	0.457553641784753
6.5599999999999	0.454026872382142
6.5699999999999	0.448191390228774
6.5799999999999	0.442734073204538
6.5899999999999	0.44073750099429
6.5999999999999	0.439870732156811
6.6099999999999	0.438966488240369
6.6199999999999	0.439234419780485
6.6299999999999	0.438857618965434
6.6399999999999	0.435975728232699
6.6499999999999	0.430438334495355
6.6599999999999	0.425021104305403
6.6699999999999	0.422578295334093
6.6799999999999	0.421177597769163
6.6899999999999	0.417998067261707
6.6999999999999	0.412131565980662
6.7099999999999	0.406376321625623
6.7199999999999	0.403996938419545
6.7299999999999	0.402861853654738
6.7399999999999	0.399764991278807
6.7499999999999	0.393438036298327
6.7599999999999	0.38679136119261
6.7699999999999	0.384004984325721
6.7799999999999	0.382935554161462
6.7899999999999	0.381923457578546
6.7999999999999	0.382130174129387
6.8099999999999	0.381677025461042
6.8199999999999	0.378763763994902
6.8299999999999	0.37327382158676
6.8399999999999	0.367809469716652
6.8499999999999	0.365311186743104
6.8599999999999	0.36372923874818
6.8699999999999	0.362300682786286
6.8799999999999	0.362164190860717
6.8899999999999	0.361188416922634
6.8999999999999	0.357780138220411
6.9099999999999	0.352066201500306
6.9199999999999	0.346565091238791
6.9299999999999	0.343971691413525
6.9399999999999	0.342323718833945
6.9499999999999	0.338760456186435
6.9599999999999	0.332060708849701
6.9699999999999	0.325175324151782
6.9799999999999	0.322116985134718
6.9899999999999	0.320398654078564
6.9999999999999	0.31884389622447
7.0099999999999	0.319262172462537
7.01999999999989	0.319431184983222
7.02999999999989	0.316765380689214
7.03999999999989	0.310604129489722
7.04999999999989	0.304107763148257
7.05999999999989	0.301184018899438
7.06999999999989	0.299380634497792
7.07999999999989	0.29751592016644
7.08999999999989	0.297332400107901
7.09999999999989	0.296794153922716
7.10999999999989	0.293805206485512
7.11999999999989	0.288081201107868
7.12999999999989	0.28237119612836
7.13999999999989	0.279707954517799
7.14999999999989	0.277432936960495
7.15999999999989	0.2750892612371
7.16999999999989	0.274775486121304
7.17999999999989	0.274048420781554
7.18999999999989	0.270688269898055
7.19999999999989	0.264501042827221
7.20999999999989	0.258405562519785
7.21999999999989	0.255943468610645
7.22999999999989	0.254492313801361
7.23999999999989	0.252866783246699
7.24999999999989	0.252888697483683
7.25999999999989	0.252513077653358
7.26999999999989	0.249339260834607
7.27999999999989	0.242621607449556
7.28999999999989	0.235656021158521
7.29999999999989	0.232701926484031
7.30999999999989	0.230904421558958
7.31999999999989	0.228763113514603
7.32999999999989	0.228312171753624
7.33999999999989	0.227330670639835
7.34999999999989	0.225908737963248
7.35999999999989	0.226100849666776
7.36999999999989	0.225463019628657
7.37999999999989	0.222065015590228
7.38999999999989	0.215958345701673
7.39999999999989	0.21004248641711
7.40999999999989	0.207407235834714
7.41999999999989	0.205119357610561
7.42999999999989	0.202553333681111
7.43999999999989	0.202151504323326
7.44999999999989	0.201677541155946
7.45999999999989	0.200842213925255
7.46999999999989	0.201224237774142
7.47999999999989	0.200572098730765
7.48999999999988	0.197008043321807
7.49999999999988	0.190312869958749
7.50999999999988	0.183670967322996
7.51999999999988	0.180554458570893
7.52999999999988	0.178148175387632
7.53999999999988	0.175876061320414
7.54999999999988	0.175847699841983
7.55999999999988	0.175441232193986
7.56999999999988	0.17200271414742
7.57999999999988	0.164798264521356
7.58999999999988	0.157402757664592
7.59999999999988	0.154535443718495
7.60999999999988	0.153010910960724
7.61999999999988	0.151081485931032
7.62999999999988	0.151038125007778
7.63999999999988	0.150217830844133
7.64999999999988	0.148456276431585
7.65999999999988	0.148585267446797
7.66999999999988	0.148439398667539
7.67999999999988	0.147766217904967
7.68999999999988	0.148099643069379
7.69999999999988	0.147044189644304
7.70999999999988	0.142855047062108
7.71999999999988	0.135304275812879
7.72999999999988	0.127895267149379
7.73999999999988	0.125010266214059
7.74999999999988	0.123508269972156
7.75999999999988	0.121720651869304
7.76999999999988	0.121747011738371
7.77999999999988	0.12113122629943
7.78999999999988	0.119881695789212
7.79999999999988	0.120372488938977
7.80999999999988	0.120271302427743
7.81999999999988	0.117141722255097
7.82999999999988	0.110115643999151
7.83999999999988	0.1025047892633
7.84999999999988	0.0990566635693332
7.85999999999988	0.0967620543333927
7.86999999999988	0.0942482105237429
7.87999999999988	0.0941700132855559
7.88999999999988	0.0935065229011062
7.89999999999988	0.0919025533068059
7.90999999999988	0.0921633750540559
7.91999999999988	0.0914273185036856
7.92999999999988	0.0898497484229616
7.93999999999988	0.0903167476274442
7.94999999999987	0.0902724273569693
7.95999999999987	0.089573524385714
7.96999999999987	0.0899988336973756
7.97999999999987	0.0891047088042528
7.98999999999987	0.0850790288453446
7.99999999999987	0.0776395582697613
8.00999999999987	0.070372428610365
8.01999999999987	0.06748854766287
8.02999999999987	0.065231322876819
8.03999999999987	0.0624090891599553
8.04999999999987	0.0621436407070531
8.05999999999987	0.061445417019548
8.06999999999987	0.059920212678682
8.07999999999987	0.0603735155502101
8.08999999999987	0.0598470108432304
8.09999999999987	0.0584869239071907
8.10999999999987	0.0592230267946451
8.11999999999987	0.0593671558938543
8.12999999999987	0.0586994171070216
8.13999999999987	0.0591972653940618
8.14999999999987	0.0585720832433503
8.15999999999987	0.0549038605974458
8.16999999999987	0.0475151863827787
8.17999999999987	0.0397855070444979
8.18999999999987	0.0365605745686658
8.19999999999987	0.0344114420865315
8.20999999999987	0.0316427571208495
8.21999999999987	0.0315040440019596
8.22999999999987	0.0312344476315508
8.23999999999987	0.0300250895242652
8.24999999999987	0.0307741300916019
8.25999999999987	0.0305581660883884
8.26999999999987	0.0290539952994966
8.27999999999987	0.0293883458660223
8.28999999999987	0.0289153658065033
8.29999999999987	0.0273664577511466
8.30999999999987	0.0275768197366123
8.31999999999987	0.0271891577383254
8.32999999999987	0.0261559803354255
8.33999999999987	0.0267243547832686
8.34999999999987	0.0263873460691783
8.35999999999987	0.0254206911538476
8.36999999999987	0.0259125933820232
8.37999999999987	0.0254453402592311
8.38999999999987	0.0232234273227751
8.39999999999987	0.0197124840282929
8.40999999999987	0.0154604653006736
8.41999999999986	0.0133787642291245
8.42999999999986	0.0125843677966158
8.43999999999986	0.0110014862128594
8.44999999999986	0.0105854967335859
8.45999999999986	0.010667712358805
