# N mu
2.12	0.0116543714808275
2.13	0.0137532712687131
2.14	0.0160186801227757
2.15	0.0184469667917539
2.16	0.0210349860570775
2.17	0.0237798115754847
2.18	0.0266786175857832
2.19	0.0297286283960691
2.2	0.0329270974073076
2.21	0.0362712985932767
2.22	0.0397585231018065
2.23	0.0433860779191333
2.24	0.0471512853516156
2.25	0.0510514828267864
2.26	0.0550840228176975
2.27	0.0592462728143843
2.28	0.0635356153131811
2.29	0.0679494478127458
2.29999999999999	0.0724851828125887
2.30999999999999	0.0771402478125323
2.31999999999999	0.081912085312512
2.32999999999999	0.0867981528125048
2.33999999999999	0.0917959228125022
2.34999999999999	0.0969028828125014
2.35999999999999	0.102116535312501
2.36999999999999	0.107434397812501
2.37999999999999	0.112854002812501
2.38999999999999	0.118372897812501
2.39999999999999	0.123988645312501
2.40999999999999	0.129698822812501
2.41999999999999	0.135501022812501
2.42999999999999	0.141392852812501
2.43999999999999	0.147371935312501
2.44999999999999	0.153435907812501
2.45999999999999	0.159582422812501
2.46999999999999	0.165809147812501
2.47999999999999	0.172113765312501
2.48999999999999	0.178493972812501
2.49999999999999	0.184947482812501
2.50999999999999	0.191472022812501
2.51999999999999	0.198065335312501
2.52999999999999	0.204725177812501
2.53999999999999	0.211449322812501
2.54999999999999	0.218235557812501
2.55999999999999	0.225081685312501
2.56999999999999	0.231985522812501
2.57999999999999	0.238944902812501
2.58999999999999	0.245957672812501
2.59999999999999	0.253021695312501
2.60999999999999	0.260134847812501
2.61999999999999	0.267295022812501
2.62999999999999	0.274500127812501
2.63999999999999	0.281748085312501
2.64999999999999	0.289036832812501
2.65999999999999	0.296364322812501
2.66999999999999	0.303728522812501
2.67999999999999	0.311127415312501
2.68999999999999	0.318558997812501
2.69999999999999	0.326021282812501
2.70999999999999	0.333512297812502
2.71999999999999	0.341030085312502
2.72999999999999	0.348572702812501
2.73999999999999	0.356138222812502
2.74999999999999	0.363724732812502
2.75999999999999	0.371330335312502
2.76999999999998	0.378953147812502
2.77999999999998	0.386591302812501
2.78999999999998	0.394242947812502
2.79999999999998	0.401906245312502
2.80999999999998	0.409579372812502
2.81999999999998	0.417260522812502
2.82999999999998	0.424947902812502
2.83999999999998	0.432639735312502
2.84999999999998	0.440334257812502
2.85999999999998	0.448029722812502
2.86999999999998	0.455724397812502
2.87999999999998	0.463416565312502
2.88999999999998	0.471104522812502
2.89999999999998	0.478786582812502
2.90999999999998	0.486461072812502
2.91999999999998	0.494126335312502
2.92999999999998	0.501780727812502
2.93999999999998	0.509422622812502
2.94999999999998	0.517050407812501
2.95999999999998	0.524662485312501
2.96999999999998	0.532257272812502
2.97999999999998	0.539833202812502
2.98999999999998	0.547388722812502
2.99999999999998	0.554922295312502
3.00999999999998	0.562432397812502
3.01999999999998	0.569917522812502
3.02999999999998	0.577376177812502
3.03999999999998	0.584806885312502
3.04999999999998	0.592208182812501
3.05999999999998	0.599578622812501
3.06999999999998	0.606916772812501
3.07999999999998	0.614221215312502
3.08999999999998	0.621490547812502
3.09999999999998	0.628723382812502
3.10999999999998	0.635918347812502
3.11999999999998	0.643074085312502
3.12999999999998	0.650189252812502
3.13999999999998	0.657262522812502
3.14999999999998	0.664292582812502
3.15999999999998	0.671278135312502
3.16999999999998	0.678217897812502
3.17999999999998	0.685110602812502
3.18999999999998	0.691954997812502
3.19999999999998	0.698749845312502
3.20999999999998	0.705493922812502
3.21999999999998	0.712186022812502
3.22999999999998	0.718824952812502
3.23999999999997	0.725409535312502
3.24999999999997	0.731938607812502
3.25999999999997	0.738411022812501
3.26999999999997	0.744825647812501
3.27999999999997	0.751181365312502
3.28999999999997	0.757477072812502
3.29999999999997	0.763711682812501
3.30999999999997	0.769884122812501
3.31999999999997	0.775993335312501
3.32999999999997	0.782038277812502
3.33999999999997	0.788017922812501
3.34999999999997	0.793931257812501
3.35999999999997	0.799777285312501
3.36999999999997	0.805555022812501
3.37999999999997	0.811263502812501
3.38999999999997	0.816901772812501
3.39999999999997	0.822468895312501
3.40999999999997	0.827963947812501
3.41999999999997	0.833386022812501
3.42999999999997	0.838734227812501
3.43999999999997	0.844007685312501
3.44999999999997	0.849205532812501
3.45999999999997	0.854326922812501
3.46999999999997	0.859371022812501
3.47999999999997	0.864337015312501
3.48999999999997	0.869224097812501
3.49999999999997	0.874031482812501
3.50999999999997	0.878758397812501
3.51999999999997	0.883404085312501
3.52999999999997	0.887967802812501
3.53999999999997	0.892448822812501
3.54999999999997	0.896846432812501
3.55999999999997	0.901159935312501
3.56999999999997	0.905388647812501
3.57999999999997	0.909531902812501
3.58999999999997	0.913589047812501
3.59999999999997	0.917559445312501
3.60999999999997	0.921442472812501
3.61999999999997	0.925237522812501
3.62999999999997	0.928944002812501
3.63999999999997	0.932561335312501
3.64999999999997	0.936088957812501
3.65999999999997	0.939526322812501
3.66999999999997	0.942872897812501
3.67999999999997	0.946128165312501
3.68999999999997	0.949291622812501
3.69999999999997	0.952362782812501
3.70999999999996	0.955341172812501
3.71999999999996	0.958226335312501
3.72999999999996	0.961017827812501
3.73999999999996	0.963715222812501
3.74999999999996	0.966318107812501
3.75999999999996	0.968826085312501
3.76999999999996	0.971238772812501
3.77999999999996	0.973555802812501
3.78999999999996	0.975776822812501
3.79999999999996	0.977901495312501
3.80999999999996	0.9799294978125
3.81999999999996	0.981860522812501
3.82999999999996	0.983694277812501
3.83999999999996	0.985430485312501
3.84999999999996	0.987068882812501
3.85999999999996	0.988609222812501
3.86999999999996	0.9900512728125
3.87999999999996	0.9913948153125
3.88999999999996	0.9926396478125
3.89999999999996	0.9937855828125
3.90999999999996	0.9948324478125
3.91999999999996	0.9957800853125
3.92999999999996	0.9966283528125
3.93999999999996	0.9973771228125
3.94999999999996	0.9980262828125
3.95999999999996	0.9985757353125
3.96999999999996	0.9990253978125
3.97999999999996	0.9993752028125
3.98999999999996	0.9996250978125
3.99999999999996	0.9997750453125
4.00999999999996	0.9998250228125
4.01999999999996	0.9997750228125
4.02999999999996	0.9996250528125
4.03999999999996	0.9993751353125
4.04999999999996	0.9990253078125
4.05999999999996	0.9985756228125
4.06999999999996	0.9980261478125
4.07999999999996	0.9973769653125
4.08999999999996	0.996613315034722
4.09999999999996	0.995713017997685
4.10999999999996	0.994688560590278
4.11999999999996	0.993526342184928
4.12999999999996	0.992152685247342
4.13999999999996	0.990579954911265
4.14999999999996	0.988918012131964
4.15999999999996	0.987229397355888
4.16999999999996	0.985507527567873
4.17999999999996	0.983729121861539
4.18999999999996	0.98187549442617
4.19999999999995	0.979935564826689
4.20999999999995	0.977903712309134
4.21999999999995	0.975777415308615
4.22999999999995	0.973555717680632
4.23999999999995	0.971238402292914
4.24999999999995	0.968825588447838
4.25999999999995	0.966317547968001
4.26999999999995	0.963714624866608
4.27999999999995	0.961017201412379
4.28999999999995	0.958225684159362
4.29999999999995	0.955340498313259
4.30999999999995	0.952362085497634
4.31999999999995	0.949290902880599
4.32999999999995	0.946127422837434
4.33999999999995	0.942872132821592
4.34999999999995	0.939525535315803
4.35999999999995	0.936088147813697
4.36999999999995	0.932560502812933
4.37999999999995	0.928943147812657
4.38999999999995	0.925236645312558
4.39999999999995	0.921441572812522
4.40999999999995	0.91755852281251
4.41999999999995	0.913588102812505
4.42999999999995	0.909530935312504
4.43999999999995	0.905387657812503
4.44999999999995	0.901158922812503
4.45999999999995	0.896845397812503
4.46999999999995	0.892447765312503
4.47999999999995	0.887966722812504
4.48999999999995	0.883402982812504
4.49999999999995	0.878757272812504
4.50999999999995	0.874030335312504
4.51999999999995	0.869222927812504
4.52999999999995	0.864335822812504
4.53999999999995	0.859369807812505
4.54999999999995	0.854325685312505
4.55999999999995	0.849204272812505
4.56999999999995	0.844006402812505
4.57999999999995	0.838732922812505
4.58999999999995	0.833384695312505
4.59999999999995	0.827962597812505
4.60999999999995	0.822467522812506
4.61999999999995	0.816900377812506
4.62999999999995	0.811262085312506
4.63999999999995	0.805553582812506
4.64999999999995	0.799775822812507
4.65999999999995	0.793929772812507
4.66999999999994	0.788016415312507
4.67999999999994	0.782036747812507
4.68999999999994	0.775991782812507
4.69999999999994	0.769882547812507
4.70999999999994	0.763710085312508
4.71999999999994	0.757475452812508
4.72999999999994	0.751179722812508
4.73999999999994	0.744823982812508
4.74999999999994	0.738409335312509
4.75999999999994	0.731936897812509
4.76999999999994	0.725407802812509
4.77999999999994	0.718823197812509
4.78999999999994	0.712184245312509
4.79999999999994	0.70549212281251
4.80999999999994	0.69874802281251
4.81999999999994	0.69195315281251
4.82999999999994	0.68510873531251
4.83999999999994	0.678216007812511
4.84999999999994	0.671276222812511
4.85999999999994	0.664290647812511
4.86999999999994	0.657260565312511
4.87999999999994	0.650187272812512
4.88999999999994	0.643072082812512
4.89999999999994	0.635916322812512
4.90999999999994	0.628721335312512
4.91999999999994	0.621488477812512
4.92999999999994	0.614219122812512
4.93999999999994	0.606914657812513
4.94999999999994	0.599576485312513
4.95999999999994	0.592206022812513
4.96999999999994	0.584804702812513
4.97999999999994	0.577373972812513
4.98999999999994	0.569915295312514
4.99999999999994	0.562430147812514
5.00999999999994	0.554920022812514
5.01999999999994	0.547386427812514
5.02999999999994	0.539830885312515
5.03999999999994	0.532254932812515
5.04999999999994	0.524660122812515
5.05999999999994	0.517048022812515
5.06999999999994	0.509420215312515
5.07999999999994	0.501778297812516
5.08999999999994	0.494123882812516
5.09999999999994	0.486458597812516
5.10999999999994	0.478784085312516
5.11999999999994	0.471102002812516
5.12999999999994	0.463414022812516
5.13999999999993	0.455721832812517
5.14999999999993	0.448027135312517
5.15999999999993	0.440331647812517
5.16999999999993	0.432637102812517
5.17999999999993	0.424945247812517
5.18999999999993	0.417257845312517
5.19999999999993	0.409576672812517
5.20999999999993	0.401903522812518
5.21999999999993	0.394240202812518
5.22999999999993	0.386588535312518
5.23999999999993	0.378950357812518
5.24999999999993	0.371327522812518
5.25999999999993	0.363721897812519
5.26999999999993	0.356135365312519
5.27999999999993	0.348569822812519
5.28999999999993	0.341027182812519
5.29999999999993	0.333509372812519
5.30999999999993	0.326018335312519
5.31999999999993	0.318556027812519
5.32999999999993	0.311124422812519
5.33999999999993	0.303725507812519
5.34999999999993	0.296361285312519
5.35999999999993	0.289033772812519
5.36999999999993	0.281745002812519
5.37999999999993	0.274497022812519
5.38999999999993	0.267291895312519
5.39999999999993	0.260131697812519
5.40999999999993	0.253018522812519
5.41999999999993	0.245954477812519
5.42999999999993	0.238941685312519
5.43999999999993	0.231982282812519
5.44999999999993	0.225078422812519
5.45999999999993	0.218232272812519
5.46999999999993	0.211446015312519
5.47999999999993	0.204721847812519
5.48999999999993	0.198061982812519
5.49999999999993	0.191468647812519
5.50999999999993	0.184944085312519
5.51999999999993	0.178490552812519
5.52999999999993	0.172110322812519
5.53999999999993	0.165805682812519
5.54999999999993	0.159578935312519
5.55999999999993	0.153432397812519
5.56999999999993	0.147368402812519
5.57999999999993	0.141389297812518
5.58999999999993	0.135497445312518
5.59999999999993	0.129695222812518
5.60999999999992	0.123985022812518
5.61999999999992	0.118369252812518
5.62999999999992	0.112850335312518
5.63999999999992	0.107430707812517
5.64999999999992	0.102112822812517
5.65999999999992	0.0968991478125169
5.66999999999992	0.0917921653125166
5.67999999999992	0.0867943728125164
5.68999999999992	0.0819082828125161
5.69999999999992	0.0771364228125158
5.70999999999992	0.0724813353125155
5.71999999999992	0.0679455778125152
5.72999999999992	0.0635317228125149
5.73999999999992	0.0592423578125145
5.74999999999992	0.0550800853125142
5.75999999999992	0.0510475228125138
5.76999999999992	0.0471473028125134
5.77999999999992	0.043382072812513
5.78999999999992	0.0397544953125126
5.79999999999992	0.0362672478125122
5.80999999999992	0.0329230228125117
5.81999999999992	0.0297245278125113
5.82999999999992	0.0266744853125108
5.83999999999992	0.0237756328125103
5.84999999999992	0.0210307228125098
5.85999999999992	0.0184425228125093
5.86999999999992	0.0160138153125087
5.87999999999992	0.0137473978125082
5.88999999999992	0.0116460828125076
