# N mu
2.97999999999998	0.0101603526594284
2.98999999999998	0.0104723061092364
2.99999999999998	0.0107927584502625
3.00999999999998	0.0111219046986608
3.01999999999998	0.0114599431822826
3.02999999999998	0.0118070755585521
3.03999999999998	0.0121635068364637
3.04999999999998	0.0125294453921943
3.05999999999998	0.0129051029889172
3.06999999999998	0.0132906947899711
3.07999999999998	0.0136864393763096
3.08999999999998	0.0140925587570429
3.09999999999998	0.0145092783843391
3.10999999999998	0.0149368271611501
3.11999999999998	0.0153754374533759
3.12999999999998	0.0158253450945844
3.13999999999998	0.0162867893952469
3.14999999999998	0.0167600131442574
3.15999999999998	0.0172452626150443
3.16999999999998	0.0177427875636939
3.17999999999998	0.0182528412317403
3.18999999999998	0.0187756803406941
3.19999999999998	0.0193115650913127
3.20999999999998	0.0198607591543345
3.21999999999998	0.0204235296660274
3.22999999999998	0.0210001472149291
3.23999999999997	0.0215908858334726
3.24999999999997	0.0221960229805312
3.25999999999997	0.0228158395289195
3.26999999999997	0.0234506197435432
3.27999999999997	0.0241006512645734
3.28999999999997	0.0247662250810029
3.29999999999997	0.0254476355092937
3.30999999999997	0.0261451801621418
3.31999999999997	0.0268591599223992
3.32999999999997	0.0275898789068542
3.33999999999997	0.0283376444352306
3.34999999999997	0.0291027669887923
3.35999999999997	0.0298855601742279
3.36999999999997	0.0306863406768923
3.37999999999997	0.0315054282193874
3.38999999999997	0.0323431455092606
3.39999999999997	0.0331998181920969
3.40999999999997	0.0340757747934979
3.41999999999997	0.0349713466665089
3.42999999999997	0.0358868679277096
3.43999999999997	0.0368226753988036
3.44999999999997	0.0377791085366608
3.45999999999997	0.0387565093689062
3.46999999999997	0.0397552224177611
3.47999999999997	0.0407755946294769
3.48999999999997	0.041817975291832
3.49999999999997	0.0428827159572656
3.50999999999997	0.0439701703538989
3.51999999999997	0.0450806943022334
3.52999999999997	0.0462146456195772
3.53999999999997	0.047372384030184
3.54999999999997	0.0485542710629768
3.55999999999997	0.0497606699550178
3.56999999999997	0.0509919455424352
3.57999999999997	0.0522484641571267
3.58999999999997	0.0535305935108116
3.59999999999997	0.0548387025848837
3.60999999999997	0.056173161507526
3.61999999999997	0.0575343414366466
3.62999999999997	0.0589226144300084
3.63999999999997	0.0603383533211984
3.64999999999997	0.0617819315827432
3.65999999999997	0.0632537231950776
3.66999999999997	0.0647541025026374
3.67999999999997	0.0662834440758122
3.68999999999997	0.0678421225600239
3.69999999999997	0.0694305125306695
3.70999999999996	0.0710489883352156
3.71999999999996	0.0726979239411552
3.72999999999996	0.0743776927711703
3.73999999999996	0.076088667544149
3.74999999999996	0.0778312201034899
3.75999999999996	0.0796057212512478
3.76999999999996	0.0814125405696764
3.77999999999996	0.0832520462485944
3.78999999999996	0.0851246049002873
3.79999999999996	0.0870305813802076
3.80999999999996	0.0889703385953822
3.81999999999996	0.0909442373185855
3.82999999999996	0.0929526359904228
3.83999999999996	0.0949958905271404
3.84999999999996	0.0970743541165817
3.85999999999996	0.0991883770198238
3.86999999999996	0.101338306361229
3.87999999999996	0.103524485924123
3.88999999999996	0.105747255935194
3.89999999999996	0.108006952854451
3.90999999999996	0.110306952913934
3.91999999999996	0.112661736074069
3.92999999999996	0.115095150919584
3.93999999999996	0.117620471454008
3.94999999999996	0.120229743090664
3.95999999999996	0.122905851867888
3.96999999999996	0.125634731979203
3.97999999999996	0.128407624174879
3.98999999999996	0.13121971189157
3.99999999999996	0.13406845661541
4.00999999999996	0.136952471422991
4.01999999999996	0.13987089880441
4.02999999999996	0.142823102243445
4.03999999999996	0.145808523400766
4.04999999999996	0.14882661899922
4.05999999999996	0.151876833838729
4.06999999999996	0.154958589514975
4.07999999999996	0.158071279758946
4.08999999999996	0.161214268509422
4.09999999999996	0.164508558377328
4.10999999999996	0.168197748776184
4.11999999999996	0.172243398391498
4.12999999999996	0.176286674145932
4.13999999999996	0.180109983595014
4.14999999999996	0.183734335304047
4.15999999999996	0.187239702822446
4.16999999999996	0.190690713090665
4.17999999999996	0.194125819529392
4.18999999999996	0.197564592551052
4.19999999999995	0.201015866848131
4.20999999999995	0.204483057612507
4.21999999999995	0.207967031119651
4.22999999999995	0.211467505110382
4.23999999999995	0.214983689338044
4.24999999999995	0.218514565780112
4.25999999999995	0.222059007351075
4.26999999999995	0.22561582709702
4.27999999999995	0.229183798369635
4.28999999999995	0.232773396502544
4.29999999999995	0.236425325039924
4.30999999999995	0.240192369943107
4.31999999999995	0.244095782900021
4.32999999999995	0.248118846235132
4.33999999999995	0.252233464793857
4.34999999999995	0.256417868272707
4.35999999999995	0.26065899291358
4.36999999999995	0.264949947243003
4.37999999999995	0.269287339501868
4.38999999999995	0.273669537978534
4.39999999999995	0.278095728287688
4.40999999999995	0.282565451494988
4.41999999999995	0.287078392004521
4.42999999999995	0.291634284432238
4.43999999999995	0.296232874035902
4.44999999999995	0.300873900276749
4.45999999999995	0.305557090085383
4.46999999999995	0.310282155089735
4.47999999999995	0.315048790447009
4.48999999999995	0.319856674301231
4.49999999999995	0.324705467500587
4.50999999999995	0.329594813406356
4.51999999999995	0.334524337754292
4.52999999999995	0.339493648526488
4.53999999999995	0.344502335846137
4.54999999999995	0.349549971870543
4.55999999999995	0.354636110703889
4.56999999999995	0.359760288306046
4.57999999999995	0.364922022421771
4.58999999999995	0.370120812505135
4.59999999999995	0.375356139665495
4.60999999999995	0.380627466608056
4.61999999999995	0.385934237597197
4.62999999999995	0.391275878413757
4.63999999999995	0.39665179633629
4.64999999999995	0.402061380115647
4.65999999999995	0.407503999974725
4.66999999999994	0.412979007600869
4.67999999999994	0.418485736164633
4.68999999999994	0.424023500330515
4.69999999999994	0.429591596295204
4.70999999999994	0.435189301817107
4.71999999999994	0.440815876274519
4.72999999999994	0.446470560714367
4.73999999999994	0.452152577930699
4.74999999999994	0.457861132533019
4.75999999999994	0.463595411045437
4.76999999999994	0.46935458199493
4.77999999999994	0.475137796031456
4.78999999999994	0.480944186036417
4.79999999999994	0.486772867263978
4.80999999999994	0.492622937469976
4.81999999999994	0.498493477074633
4.82999999999994	0.504383549312083
4.83999999999994	0.510292200414623
4.84999999999994	0.516218459782983
4.85999999999994	0.522161340192193
4.86999999999994	0.528119837982664
4.87999999999994	0.534092933287692
4.88999999999994	0.540079590245366
4.89999999999994	0.546078757247664
4.90999999999994	0.552089367173141
4.91999999999994	0.558110337657517
4.92999999999994	0.564140571347039
4.93999999999994	0.57017895619039
4.94999999999994	0.576224365712567
4.95999999999994	0.582275659327874
4.96999999999994	0.588331682634084
4.97999999999994	0.594391267746233
4.98999999999994	0.600453233610767
4.99999999999994	0.606516386359778
5.00999999999994	0.612579519644779
5.01999999999994	0.618641415010968
5.02999999999994	0.624700842250205
5.03999999999994	0.630756559794813
5.04999999999994	0.636807315089285
5.05999999999994	0.642851845003061
5.06999999999994	0.648888876220423
5.07999999999994	0.654917125671634
5.08999999999994	0.660935300940411
5.09999999999994	0.666942100712744
5.10999999999994	0.672936215201284
5.11999999999994	0.678916326611096
5.12999999999994	0.684881109580229
5.13999999999993	0.690829231661606
5.14999999999993	0.696759353778987
5.15999999999993	0.702670130724128
5.16999999999993	0.708560211627292
5.17999999999993	0.714428240468757
5.18999999999993	0.720272856562974
5.19999999999993	0.72609269508344
5.20999999999993	0.731886387559554
5.21999999999993	0.73765256241382
5.22999999999993	0.743389845470388
5.23999999999993	0.749096860503512
5.24999999999993	0.754772229756717
5.25999999999993	0.760414574501371
5.26999999999993	0.766022515565382
5.27999999999993	0.771594673900702
5.28999999999993	0.777129671120408
5.29999999999993	0.782626130073914
5.30999999999993	0.788082675391248
5.31999999999993	0.793497934064708
5.32999999999993	0.79887053599911
5.33999999999993	0.804199114598593
5.34999999999993	0.809482307321572
5.35999999999993	0.814718756271362
5.36999999999993	0.81990710875455
5.37999999999993	0.82504601787407
5.38999999999993	0.830134143089681
5.39999999999993	0.835170150812107
5.40999999999993	0.840152714964283
5.41999999999993	0.845080517575148
5.42999999999993	0.8499522493403
5.43999999999993	0.85476661021403
5.44999999999993	0.859522309967999
5.45999999999993	0.86421806878008
5.46999999999993	0.868852617789682
5.47999999999993	0.873424699681947
5.48999999999993	0.877933069238333
5.49999999999993	0.882376493914723
5.50999999999993	0.886753754385872
5.51999999999993	0.891063645115982
5.52999999999993	0.895304974895632
5.53999999999993	0.899476567403368
5.54999999999993	0.903577261733737
5.55999999999993	0.907605912948474
5.56999999999993	0.91156139259426
5.57999999999993	0.915442589242092
5.58999999999993	0.91924840899342
5.59999999999993	0.922977776006298
5.60999999999992	0.926629632988572
5.61999999999992	0.930202941709444
5.62999999999992	0.933696683478401
5.63999999999992	0.937109859640856
5.64999999999992	0.940441492041537
5.65999999999992	0.9436906235029
5.66999999999992	0.94685631827174
5.67999999999992	0.949937662479104
5.68999999999992	0.952933764568915
5.69999999999992	0.955843755738167
5.70999999999992	0.958666790346402
5.71999999999992	0.961402046335002
5.72999999999992	0.964048725616402
5.73999999999992	0.966606054471358
5.74999999999992	0.969073283916832
5.75999999999992	0.971449690080154
5.76999999999992	0.973734574544578
5.77999999999992	0.975927264699317
5.78999999999992	0.978027114061819
5.79999999999992	0.980033502602724
5.80999999999992	0.981945837043967
5.81999999999992	0.983763551157774
5.82999999999992	0.985486106039754
5.83999999999992	0.987112990381121
5.84999999999992	0.988643720716023
5.85999999999992	0.990077841666233
5.86999999999992	0.991414926162023
5.87999999999992	0.992654575658654
5.88999999999992	0.993796420330185
5.89999999999992	0.994840119257153
5.90999999999992	0.995785360592776
5.91999999999992	0.996631861721312
5.92999999999992	0.997379369396181
5.93999999999992	0.998027659868569
5.94999999999992	0.998576538997082
5.95999999999992	0.999025842346233
5.96999999999992	0.999375435267325
5.97999999999992	0.999625212966547
5.98999999999992	0.999775100556855
5.99999999999992	0.999825053095487
6.00999999999992	0.999775055606705
6.01999999999992	0.999625123088619
6.02999999999992	0.999375300506717
6.03999999999992	0.999025662769994
6.04999999999992	0.998576314695285
6.05999999999992	0.998027390952754
6.06999999999992	0.997379056001142
6.07999999999991	0.996631504002767
6.08999999999991	0.995784958729865
6.09999999999991	0.994839673449337
6.10999999999991	0.99379593080045
6.11999999999991	0.992654042649646
6.12999999999991	0.991414349939953
6.13999999999991	0.990077222516256
6.14999999999991	0.988643058946835
6.15999999999991	0.98711228631959
6.16999999999991	0.985485360036204
6.17999999999991	0.98376276357988
6.18999999999991	0.981945008282709
6.19999999999991	0.980032633065561
6.20999999999991	0.978026204179307
6.21999999999991	0.975926314917575
6.22999999999991	0.973733585332552
6.23999999999991	0.971448661921387
6.24999999999991	0.96907221731737
6.25999999999991	0.966604949950841
6.26999999999991	0.96404758371659
6.27999999999991	0.961400867610207
6.28999999999991	0.958665575372618
6.29999999999991	0.955842505102861
6.30999999999991	0.952932478880749
6.31999999999991	0.949936342357104
6.32999999999991	0.946854964355588
6.33999999999991	0.943689236441502
6.34999999999991	0.940440072503868
6.35999999999991	0.937108408303955
6.36999999999991	0.933695201038741
6.37999999999991	0.930201428870378
6.38999999999991	0.926628090472213
6.39999999999991	0.922976204540438
6.40999999999991	0.919246809323892
6.41999999999991	0.915440962119196
6.42999999999991	0.911559738785585
6.43999999999991	0.907604233224846
6.44999999999991	0.903575556882489
6.45999999999991	0.899474838213834
6.46999999999991	0.895303222172837
6.47999999999991	0.891061869665716
6.48999999999991	0.886751957028771
6.49999999999991	0.882374675470952
6.50999999999991	0.877931230542035
6.51999999999991	0.873422841565561
6.52999999999991	0.868850741098735
6.53999999999991	0.864216174357173
6.5499999999999	0.85952039866791
6.5599999999999	0.854764682887402
6.5699999999999	0.849950306849028
6.5799999999999	0.845078560775794
6.5899999999999	0.840150744723727
6.5999999999999	0.835168167990721
6.6099999999999	0.830132148557208
6.6199999999999	0.825044012492588
6.6299999999999	0.819905093394564
6.6399999999999	0.81471673179458
6.6499999999999	0.809480274597176
6.6599999999999	0.804197074485867
6.6699999999999	0.798868489363865
6.6799999999999	0.793495881761786
6.6899999999999	0.788080618281071
6.6999999999999	0.7826240690049
6.7099999999999	0.777127606945617
6.7199999999999	0.771592607460193
6.7299999999999	0.766020447702929
6.7399999999999	0.760412506046786
6.7499999999999	0.754770161542614
6.7599999999999	0.749094793347625
6.7699999999999	0.743387780192357
6.7799999999999	0.737650499817531
6.7899999999999	0.731884328449921
6.7999999999999	0.726090640248797
6.8099999999999	0.720270806791821
6.8199999999999	0.714426196532242
6.8299999999999	0.708558174295892
6.8399999999999	0.702668100750241
6.8499999999999	0.69675733191353
6.8599999999999	0.690827218636743
6.8699999999999	0.684879106125859
6.8799999999999	0.678914333437746
6.8899999999999	0.672934233016463
6.8999999999999	0.66694013020402
6.9099999999999	0.660933342791614
6.9199999999999	0.654915180546143
6.9299999999999	0.648886944777189
6.9399999999999	0.642849927880128
6.9499999999999	0.636805412919615
6.9599999999999	0.630754673190065
6.9699999999999	0.624698971816335
6.9799999999999	0.618639561332286
6.9899999999999	0.612577683299315
6.9999999999999	0.606514567903631
7.0099999999999	0.600451433593209
7.01999999999989	0.59438948669438
7.02999999999989	0.588329921067718
7.03999999999989	0.582273917744455
7.04999999999989	0.576222644601753
7.05999999999989	0.570177256019401
7.06999999999989	0.56413889257487
7.07999999999989	0.558108680720667
7.08999999999989	0.552087732499499
7.09999999999989	0.546077145242617
7.10999999999989	0.540078001305348
7.11999999999989	0.534091367786688
7.12999999999989	0.528118296285398
7.13999999999989	0.522159822641045
7.14999999999989	0.516216966710809
7.15999999999989	0.510290732132091
7.16999999999989	0.504382106120108
7.17999999999989	0.498492059252154
7.18999999999989	0.492621545285991
7.19999999999989	0.486771500965765
7.20999999999989	0.480942845861165
7.21999999999989	0.475136482194939
7.22999999999989	0.469353294702724
7.23999999999989	0.463594150482047
7.24999999999989	0.457859898872685
7.25999999999989	0.452151371326983
7.26999999999989	0.446469381310527
7.27999999999989	0.440814724193568
7.28999999999989	0.435188177171757
7.29999999999989	0.429590499178393
7.30999999999989	0.424022430824914
7.31999999999989	0.418484694333648
7.32999999999989	0.412977993497709
7.33999999999989	0.407503013633877
7.34999999999989	0.402060421561497
7.35999999999989	0.396650865575081
7.36999999999989	0.39127497544176
7.37999999999989	0.385933362393148
7.38999999999989	0.380626619140874
7.39999999999989	0.375355319887198
7.40999999999989	0.370120020358113
7.41999999999989	0.364921257832168
7.42999999999989	0.359759551190586
7.43999999999989	0.354635400963728
7.44999999999989	0.349549289397637
7.45999999999989	0.344501680517533
7.46999999999989	0.339493020210172
7.47999999999989	0.334523736303741
7.48999999999988	0.329594238665385
7.49999999999988	0.324704919296836
7.50999999999988	0.31985615244645
7.51999999999988	0.315048294719881
7.52999999999988	0.310281685205945
7.53999999999988	0.305556645601626
7.54999999999988	0.30087348035106
7.55999999999988	0.296232476784157
7.56999999999988	0.291633905267985
7.57999999999988	0.287078019358258
7.58999999999988	0.282565055962385
7.59999999999988	0.278095235503084
7.60999999999988	0.273668762092352
7.61999999999988	0.269285823706427
7.62999999999988	0.264946592369939
7.63999999999988	0.260651224341451
7.64999999999988	0.256399860307032
7.65999999999988	0.252192625575604
7.66999999999988	0.248029630281179
7.67999999999988	0.243910969587233
7.68999999999988	0.239836723896855
7.69999999999988	0.235806959065369
7.70999999999988	0.231821726617636
7.71999999999988	0.22788106396816
7.72999999999988	0.223984994644787
7.73999999999988	0.220133528515523
7.74999999999988	0.216326662017902
7.75999999999988	0.212564378391743
7.76999999999988	0.208846647913451
7.77999999999988	0.205173428133974
7.78999999999988	0.20154466411731
7.79999999999988	0.197960288682922
7.80999999999988	0.194420222647745
7.81999999999988	0.190924375072328
7.82999999999988	0.187472643505655
7.83999999999988	0.184064914234305
7.84999999999988	0.180701062529396
7.85999999999988	0.177380952898081
7.86999999999988	0.174104439331957
7.87999999999988	0.170871365560214
7.88999999999988	0.167681565298875
7.89999999999988	0.164534862504942
7.90999999999988	0.16143107162585
7.91999999999988	0.158369997853974
7.92999999999988	0.155351437375701
7.93999999999988	0.152375177625685
7.94999999999987	0.149440997534967
7.95999999999987	0.146548667784394
7.96999999999987	0.14369795105123
7.97999999999987	0.140888602261178
7.98999999999987	0.138120368832959
7.99999999999987	0.135392990928401
8.00999999999987	0.132706201694485
8.01999999999987	0.130059727510991
8.02999999999987	0.127453288229538
8.03999999999987	0.1248865974183
8.04999999999987	0.122359362597594
8.05999999999987	0.119871285481217
8.06999999999987	0.117422062208154
8.07999999999987	0.115011383580103
8.08999999999987	0.112638935288922
8.09999999999987	0.110304398149935
8.10999999999987	0.108007448324749
8.11999999999987	0.105747757549972
8.12999999999987	0.103524993355064
8.13999999999987	0.101338819286116
8.14999999999987	0.0991888951184258
8.15999999999987	0.0970748770750268
8.16999999999987	0.094996418033698
8.17999999999987	0.0929531677399513
8.18999999999987	0.0909447730082261
8.19999999999987	0.0889708779290702
8.20999999999987	0.0870311240642878
8.21999999999987	0.0851251506480786
8.22999999999987	0.0832525947759372
8.23999999999987	0.0814130915995412
8.24999999999987	0.0796062745092241
8.25999999999987	0.0778317753224298
8.26999999999987	0.0760892244596071
8.27999999999987	0.0743782511260727
8.28999999999987	0.0726984834812005
8.29999999999987	0.0710495488135611
8.30999999999987	0.0694310737033011
8.31999999999987	0.0678426841904516
8.32999999999987	0.066284005930418
8.33999999999987	0.0647546643553721
8.34999999999987	0.0632542848227947
8.35999999999987	0.0617824927698897
8.36999999999987	0.0603389138551428
8.37999999999987	0.0589231741057182
8.38999999999987	0.0575349000520178
8.39999999999987	0.056173718868041
8.40999999999987	0.0548392584989493
8.41999999999986	0.0535311477943909
8.42999999999986	0.0522490166290928
8.43999999999986	0.0509924960291707
8.44999999999986	0.0497612182857909
8.45999999999986	0.0485548170745031
8.46999999999986	0.0473729275620306
8.47999999999986	0.0462151865186817
8.48999999999986	0.0450812324183424
8.49999999999986	0.0439707055440384
8.50999999999986	0.04288324808122
8.51999999999986	0.0418185042165615
8.52999999999986	0.0407761202246411
8.53999999999986	0.0397557445600804
8.54999999999986	0.0387570279377346
8.55999999999986	0.0377796234182863
8.56999999999986	0.036823186482076
8.57999999999986	0.0358873751082759
8.58999999999986	0.0349718498424998
8.59999999999986	0.0340762738696955
8.60999999999986	0.0332003130756836
8.61999999999986	0.0323436361139162
8.62999999999986	0.0315059144611036
8.63999999999986	0.0306868224779965
8.64999999999986	0.0298860374592672
8.65999999999986	0.0291032396884813
8.66999999999986	0.0283381124824072
8.67999999999986	0.02759034224035
8.68999999999986	0.0268596184830699
8.69999999999986	0.0261456338966576
8.70999999999986	0.0254480843662472
8.71999999999986	0.0247666690146179
8.72999999999986	0.0241010902308919
8.73999999999986	0.0234510537040519
8.74999999999986	0.0228162684468178
8.75999999999986	0.0221964468242734
8.76999999999986	0.0215913045731189
8.77999999999986	0.0210005608256031
8.78999999999986	0.0204239381243512
8.79999999999986	0.0198611624418003
8.80999999999986	0.0193119631908037
8.81999999999986	0.0187760732397694
8.82999999999986	0.0182532289192424
8.83999999999986	0.0177431700329475
8.84999999999986	0.01724563986055
8.85999999999986	0.0167603851648039
8.86999999999986	0.016287156190693
8.87999999999986	0.0158257066688842
8.88999999999985	0.015375793811448
8.89999999999985	0.0149371783118172
8.90999999999985	0.0145096243372848
8.91999999999985	0.0140928995256649
8.92999999999985	0.0136867749747649
8.93999999999985	0.0132910252359436
8.94999999999985	0.01290542830075
8.95999999999985	0.0125297655915727
8.96999999999985	0.0121638219456348
8.97999999999985	0.0118073856029239
8.98999999999985	0.0114602481877293
8.99999999999985	0.0111222046940395
9.00999999999985	0.0107930534648043
9.01999999999985	0.0104725961749808
9.02999999999985	0.0101606378086993
